evals, mean, best, worst, success num
2, 3.6915912798371706, 3.4320781710502204, 3.9928351806111344, 0
4, 3.6915912798371706, 3.4320781710502204, 3.9928351806111344, 0
6, 2.1591765514791867, 1.0033472050189922, 3.2666951882447695, 0
8, 0.015303481533099893, 0.006328269277718803, 0.025124841529470067, 4
10, 0.015303481533099893, 0.006328269277718803, 0.025124841529470067, 4
12, 0.015303481533099893, 0.006328269277718803, 0.025124841529470067, 4
14, 0.015303481533099893, 0.006328269277718803, 0.025124841529470067, 4
16, 0.015303481533099893, 0.006328269277718803, 0.025124841529470067, 4
18, 0.015303481533099893, 0.006328269277718803, 0.025124841529470067, 4
20, 0.015303481533099893, 0.006328269277718803, 0.025124841529470067, 4
22, 0.015303481533099893, 0.006328269277718803, 0.025124841529470067, 4
24, 0.015303481533099893, 0.006328269277718803, 0.025124841529470067, 4
26, 0.015303481533099893, 0.006328269277718803, 0.025124841529470067, 4
27, 0.015303481533099893, 0.006328269277718803, 0.025124841529470067, 4
29, 0.015303481533099893, 0.006328269277718803, 0.025124841529470067, 4
31, 0.015303481533099893, 0.006328269277718803, 0.025124841529470067, 4
33, 0.015303481533099893, 0.006328269277718803, 0.025124841529470067, 4
35, 0.015303481533099893, 0.006328269277718803, 0.025124841529470067, 4
37, 0.015303481533099893, 0.006328269277718803, 0.025124841529470067, 4
38, 0.015303481533099893, 0.006328269277718803, 0.025124841529470067, 4
40, 0.015303481533099893, 0.006328269277718803, 0.025124841529470067, 4
42, 0.015303481533099893, 0.006328269277718803, 0.025124841529470067, 4
44, 0.015303481533099893, 0.006328269277718803, 0.025124841529470067, 4
46, 0.015303481533099893, 0.006328269277718803, 0.025124841529470067, 4
48, 0.012543104697313961, 0.00959814521831997, 0.014208198748026514, 4
50, 0.012543104697313961, 0.00959814521831997, 0.014208198748026514, 4
51, 0.012543104697313961, 0.00959814521831997, 0.014208198748026514, 4
53, 0.012543104697313961, 0.00959814521831997, 0.014208198748026514, 4
55, 0.012543104697313961, 0.00959814521831997, 0.014208198748026514, 4
57, 0.012543104697313961, 0.00959814521831997, 0.014208198748026514, 4
59, 0.012543104697313961, 0.00959814521831997, 0.014208198748026514, 4
60, 0.012543104697313961, 0.00959814521831997, 0.014208198748026514, 4
62, 0.012543104697313961, 0.00959814521831997, 0.014208198748026514, 4
64, 0.012543104697313961, 0.00959814521831997, 0.014208198748026514, 4
66, 0.012543104697313961, 0.00959814521831997, 0.014208198748026514, 4
68, 0.012543104697313961, 0.00959814521831997, 0.014208198748026514, 4
70, 0.012543104697313961, 0.00959814521831997, 0.014208198748026514, 4
72, 0.012543104697313961, 0.00959814521831997, 0.014208198748026514, 4
74, 0.012543104697313961, 0.00959814521831997, 0.014208198748026514, 4
75, 0.012543104697313961, 0.00959814521831997, 0.014208198748026514, 4
77, 0.012543104697313961, 0.00959814521831997, 0.014208198748026514, 4
79, 0.012543104697313961, 0.00959814521831997, 0.014208198748026514, 4
81, 0.012543104697313961, 0.00959814521831997, 0.014208198748026514, 4
82, 0.012543104697313961, 0.00959814521831997, 0.014208198748026514, 4
84, 0.012543104697313961, 0.00959814521831997, 0.014208198748026514, 4
86, 0.012543104697313961, 0.00959814521831997, 0.014208198748026514, 4
88, 0.012543104697313961, 0.00959814521831997, 0.014208198748026514, 4
90, 0.012543104697313961, 0.00959814521831997, 0.014208198748026514, 4
92, 0.012543104697313961, 0.00959814521831997, 0.014208198748026514, 4
94, 0.012543104697313961, 0.00959814521831997, 0.014208198748026514, 4
96, 0.012543104697313961, 0.00959814521831997, 0.014208198748026514, 4
98, 0.012543104697313961, 0.00959814521831997, 0.014208198748026514, 4
100, 0.012543104697313961, 0.00959814521831997, 0.014208198748026514, 4
102, 0.012543104697313961, 0.00959814521831997, 0.014208198748026514, 4
104, 0.012543104697313961, 0.00959814521831997, 0.014208198748026514, 4
105, 0.012543104697313961, 0.00959814521831997, 0.014208198748026514, 4
107, 0.012543104697313961, 0.00959814521831997, 0.014208198748026514, 4
109, 0.012543104697313961, 0.00959814521831997, 0.014208198748026514, 4
110, 0.012543104697313961, 0.00959814521831997, 0.014208198748026514, 4
112, 0.012543104697313961, 0.00959814521831997, 0.014208198748026514, 4
114, 0.012543104697313961, 0.00959814521831997, 0.014208198748026514, 4
115, 0.012543104697313961, 0.00959814521831997, 0.014208198748026514, 4
116, 0.012543104697313961, 0.00959814521831997, 0.014208198748026514, 4
117, 0.012543104697313961, 0.00959814521831997, 0.014208198748026514, 4
118, 0.012543104697313961, 0.00959814521831997, 0.014208198748026514, 4
120, 0.012543104697313961, 0.00959814521831997, 0.014208198748026514, 4
122, 0.012543104697313961, 0.00959814521831997, 0.014208198748026514, 4
123, 0.012543104697313961, 0.00959814521831997, 0.014208198748026514, 4
124, 0.012543104697313961, 0.00959814521831997, 0.014208198748026514, 4
126, 0.012543104697313961, 0.00959814521831997, 0.014208198748026514, 4
128, 0.012543104697313961, 0.00959814521831997, 0.014208198748026514, 4
130, 0.012543104697313961, 0.00959814521831997, 0.014208198748026514, 4
131, 0.012480303123926888, 0.005946441449217666, 0.017844012899037472, 4
132, 0.012480303123926888, 0.005946441449217666, 0.017844012899037472, 4
134, 0.012480303123926888, 0.005946441449217666, 0.017844012899037472, 4
135, 0.012480303123926888, 0.005946441449217666, 0.017844012899037472, 4
136, 0.012480303123926888, 0.005946441449217666, 0.017844012899037472, 4
138, 0.012480303123926888, 0.005946441449217666, 0.017844012899037472, 4
140, 0.012480303123926888, 0.005946441449217666, 0.017844012899037472, 4
142, 0.012480303123926888, 0.005946441449217666, 0.017844012899037472, 4
143, 0.012480303123926888, 0.005946441449217666, 0.017844012899037472, 4
144, 0.012480303123926888, 0.005946441449217666, 0.017844012899037472, 4
145, 0.012480303123926888, 0.005946441449217666, 0.017844012899037472, 4
147, 0.012480303123926888, 0.005946441449217666, 0.017844012899037472, 4
148, 0.012480303123926888, 0.005946441449217666, 0.017844012899037472, 4
150, 0.012480303123926888, 0.005946441449217666, 0.017844012899037472, 4
151, 0.012480303123926888, 0.005946441449217666, 0.017844012899037472, 4
153, 0.012480303123926888, 0.005946441449217666, 0.017844012899037472, 4
155, 0.012480303123926888, 0.005946441449217666, 0.017844012899037472, 4
157, 0.012480303123926888, 0.005946441449217666, 0.017844012899037472, 4
158, 0.0010335449889075478, 0.000733043830198206, 0.0012723923998508488, 4
159, 0.0010335449889075478, 0.000733043830198206, 0.0012723923998508488, 4
161, 0.0010335449889075478, 0.000733043830198206, 0.0012723923998508488, 4
163, 0.0010335449889075478, 0.000733043830198206, 0.0012723923998508488, 4
165, 0.0010335449889075478, 0.000733043830198206, 0.0012723923998508488, 4
167, 0.0010335449889075478, 0.000733043830198206, 0.0012723923998508488, 4
169, 0.0010335449889075478, 0.000733043830198206, 0.0012723923998508488, 4
171, 0.0010335449889075478, 0.000733043830198206, 0.0012723923998508488, 4
172, 0.0010335449889075478, 0.000733043830198206, 0.0012723923998508488, 4
174, 0.0010335449889075478, 0.000733043830198206, 0.0012723923998508488, 4
176, 0.0010335449889075478, 0.000733043830198206, 0.0012723923998508488, 4
178, 0.0010335449889075478, 0.000733043830198206, 0.0012723923998508488, 4
179, 0.0010335449889075478, 0.000733043830198206, 0.0012723923998508488, 4
180, 0.0010335449889075478, 0.000733043830198206, 0.0012723923998508488, 4
181, 0.0010335449889075478, 0.000733043830198206, 0.0012723923998508488, 4
182, 0.0010335449889075478, 0.000733043830198206, 0.0012723923998508488, 4
184, 0.0010335449889075478, 0.000733043830198206, 0.0012723923998508488, 4
185, 0.0010335449889075478, 0.000733043830198206, 0.0012723923998508488, 4
186, 0.0010335449889075478, 0.000733043830198206, 0.0012723923998508488, 4
188, 0.0010335449889075478, 0.000733043830198206, 0.0012723923998508488, 4
190, 0.0010335449889075478, 0.000733043830198206, 0.0012723923998508488, 4
192, 0.0010335449889075478, 0.000733043830198206, 0.0012723923998508488, 4
193, 0.0010335449889075478, 0.000733043830198206, 0.0012723923998508488, 4
195, 0.0010335449889075478, 0.000733043830198206, 0.0012723923998508488, 4
197, 0.0010335449889075478, 0.000733043830198206, 0.0012723923998508488, 4
198, 0.0010335449889075478, 0.000733043830198206, 0.0012723923998508488, 4
200, 0.0010335449889075478, 0.000733043830198206, 0.0012723923998508488, 4
201, 0.0010335449889075478, 0.000733043830198206, 0.0012723923998508488, 4
202, 0.0010335449889075478, 0.000733043830198206, 0.0012723923998508488, 4
203, 0.0010335449889075478, 0.000733043830198206, 0.0012723923998508488, 4
205, 0.0010335449889075478, 0.000733043830198206, 0.0012723923998508488, 4
207, 0.0010335449889075478, 0.000733043830198206, 0.0012723923998508488, 4
209, 0.0010335449889075478, 0.000733043830198206, 0.0012723923998508488, 4
210, 0.0010335449889075478, 0.000733043830198206, 0.0012723923998508488, 4
211, 0.0010335449889075478, 0.000733043830198206, 0.0012723923998508488, 4
212, 0.0010335449889075478, 0.000733043830198206, 0.0012723923998508488, 4
213, 0.0010335449889075478, 0.000733043830198206, 0.0012723923998508488, 4
215, 0.0010335449889075478, 0.000733043830198206, 0.0012723923998508488, 4
216, 0.0010335449889075478, 0.000733043830198206, 0.0012723923998508488, 4
217, 0.0010335449889075478, 0.000733043830198206, 0.0012723923998508488, 4
218, 0.0010335449889075478, 0.000733043830198206, 0.0012723923998508488, 4
219, 0.0010335449889075478, 0.000733043830198206, 0.0012723923998508488, 4
221, 0.0010335449889075478, 0.000733043830198206, 0.0012723923998508488, 4
223, 0.0010335449889075478, 0.000733043830198206, 0.0012723923998508488, 4
224, 0.0010335449889075478, 0.000733043830198206, 0.0012723923998508488, 4
225, 0.0010335449889075478, 0.000733043830198206, 0.0012723923998508488, 4
226, 0.0010335449889075478, 0.000733043830198206, 0.0012723923998508488, 4
228, 0.0010335449889075478, 0.000733043830198206, 0.0012723923998508488, 4
229, 0.0010335449889075478, 0.000733043830198206, 0.0012723923998508488, 4
231, 0.0010335449889075478, 0.000733043830198206, 0.0012723923998508488, 4
233, 0.0010335449889075478, 0.000733043830198206, 0.0012723923998508488, 4
234, 0.0010335449889075478, 0.000733043830198206, 0.0012723923998508488, 4
236, 0.0010335449889075478, 0.000733043830198206, 0.0012723923998508488, 4
237, 0.0010335449889075478, 0.000733043830198206, 0.0012723923998508488, 4
238, 0.0010335449889075478, 0.000733043830198206, 0.0012723923998508488, 4
239, 0.0010335449889075478, 0.000733043830198206, 0.0012723923998508488, 4
240, 0.0010335449889075478, 0.000733043830198206, 0.0012723923998508488, 4
241, 0.0010335449889075478, 0.000733043830198206, 0.0012723923998508488, 4
243, 0.0010335449889075478, 0.000733043830198206, 0.0012723923998508488, 4
244, 0.0010335449889075478, 0.000733043830198206, 0.0012723923998508488, 4
245, 0.0010335449889075478, 0.000733043830198206, 0.0012723923998508488, 4
247, 0.0010335449889075478, 0.000733043830198206, 0.0012723923998508488, 4
249, 0.0010335449889075478, 0.000733043830198206, 0.0012723923998508488, 4
250, 0.0010335449889075478, 0.000733043830198206, 0.0012723923998508488, 4
251, 0.0010335449889075478, 0.000733043830198206, 0.0012723923998508488, 4
252, 0.0010335449889075478, 0.000733043830198206, 0.0012723923998508488, 4
254, 0.0010335449889075478, 0.000733043830198206, 0.0012723923998508488, 4
255, 0.0010335449889075478, 0.000733043830198206, 0.0012723923998508488, 4
257, 0.0010335449889075478, 0.000733043830198206, 0.0012723923998508488, 4
258, 0.0010335449889075478, 0.000733043830198206, 0.0012723923998508488, 4
259, 0.0010335449889075478, 0.000733043830198206, 0.0012723923998508488, 4
261, 0.0010335449889075478, 0.000733043830198206, 0.0012723923998508488, 4
262, 0.0010335449889075478, 0.000733043830198206, 0.0012723923998508488, 4
264, 0.0010335449889075478, 0.000733043830198206, 0.0012723923998508488, 4
266, 0.0010335449889075478, 0.000733043830198206, 0.0012723923998508488, 4
267, 0.0010335449889075478, 0.000733043830198206, 0.0012723923998508488, 4
268, 0.0010335449889075478, 0.000733043830198206, 0.0012723923998508488, 4
269, 0.0010335449889075478, 0.000733043830198206, 0.0012723923998508488, 4
270, 0.0010335449889075478, 0.000733043830198206, 0.0012723923998508488, 4
272, 0.0010335449889075478, 0.000733043830198206, 0.0012723923998508488, 4
273, 0.0010335449889075478, 0.000733043830198206, 0.0012723923998508488, 4
274, 0.0010335449889075478, 0.000733043830198206, 0.0012723923998508488, 4
275, 0.0010335449889075478, 0.000733043830198206, 0.0012723923998508488, 4
276, 0.0010335449889075478, 0.000733043830198206, 0.0012723923998508488, 4
278, 0.0010335449889075478, 0.000733043830198206, 0.0012723923998508488, 4
279, 0.0010335449889075478, 0.000733043830198206, 0.0012723923998508488, 4
281, 0.0010335449889075478, 0.000733043830198206, 0.0012723923998508488, 4
282, 0.0010335449889075478, 0.000733043830198206, 0.0012723923998508488, 4
283, 0.0010335449889075478, 0.000733043830198206, 0.0012723923998508488, 4
285, 0.0010335449889075478, 0.000733043830198206, 0.0012723923998508488, 4
287, 0.0010335449889075478, 0.000733043830198206, 0.0012723923998508488, 4
289, 0.0010335449889075478, 0.000733043830198206, 0.0012723923998508488, 4
290, 0.0010335449889075478, 0.000733043830198206, 0.0012723923998508488, 4
291, 0.0010335449889075478, 0.000733043830198206, 0.0012723923998508488, 4
292, 0.0010335449889075478, 0.000733043830198206, 0.0012723923998508488, 4
293, 0.0010335449889075478, 0.000733043830198206, 0.0012723923998508488, 4
294, 0.0010335449889075478, 0.000733043830198206, 0.0012723923998508488, 4
295, 0.0010335449889075478, 0.000733043830198206, 0.0012723923998508488, 4
296, 0.0010335449889075478, 0.000733043830198206, 0.0012723923998508488, 4
297, 0.0010335449889075478, 0.000733043830198206, 0.0012723923998508488, 4
298, 0.0010335449889075478, 0.000733043830198206, 0.0012723923998508488, 4
300, 0.0010335449889075478, 0.000733043830198206, 0.0012723923998508488, 4
301, 0.0010335449889075478, 0.000733043830198206, 0.0012723923998508488, 4
303, 0.0010335449889075478, 0.000733043830198206, 0.0012723923998508488, 4
304, 0.0010335449889075478, 0.000733043830198206, 0.0012723923998508488, 4
305, 0.0010335449889075478, 0.000733043830198206, 0.0012723923998508488, 4
306, 0.0002950565924217078, 0.00018174954088245372, 0.0003989778092362561, 4
307, 0.0002950565924217078, 0.00018174954088245372, 0.0003989778092362561, 4
308, 0.0002950565924217078, 0.00018174954088245372, 0.0003989778092362561, 4
310, 0.0002950565924217078, 0.00018174954088245372, 0.0003989778092362561, 4
311, 0.0002950565924217078, 0.00018174954088245372, 0.0003989778092362561, 4
313, 0.0002950565924217078, 0.00018174954088245372, 0.0003989778092362561, 4
314, 0.0002950565924217078, 0.00018174954088245372, 0.0003989778092362561, 4
315, 0.0002950565924217078, 0.00018174954088245372, 0.0003989778092362561, 4
316, 0.0002950565924217078, 0.00018174954088245372, 0.0003989778092362561, 4
318, 0.0002950565924217078, 0.00018174954088245372, 0.0003989778092362561, 4
319, 0.0002950565924217078, 0.00018174954088245372, 0.0003989778092362561, 4
321, 0.0002950565924217078, 0.00018174954088245372, 0.0003989778092362561, 4
322, 0.0002950565924217078, 0.00018174954088245372, 0.0003989778092362561, 4
323, 0.0002950565924217078, 0.00018174954088245372, 0.0003989778092362561, 4
324, 0.0002950565924217078, 0.00018174954088245372, 0.0003989778092362561, 4
325, 0.0002950565924217078, 0.00018174954088245372, 0.0003989778092362561, 4
326, 0.0002950565924217078, 0.00018174954088245372, 0.0003989778092362561, 4
328, 0.0002950565924217078, 0.00018174954088245372, 0.0003989778092362561, 4
330, 0.0002950565924217078, 0.00018174954088245372, 0.0003989778092362561, 4
332, 0.0002950565924217078, 0.00018174954088245372, 0.0003989778092362561, 4
334, 0.0002950565924217078, 0.00018174954088245372, 0.0003989778092362561, 4
335, 0.0002950565924217078, 0.00018174954088245372, 0.0003989778092362561, 4
337, 0.0002950565924217078, 0.00018174954088245372, 0.0003989778092362561, 4
338, 7.669796495054567e-5, 3.370523489534205e-5, 0.00010971288006983615, 4
339, 7.669796495054567e-5, 3.370523489534205e-5, 0.00010971288006983615, 4
340, 7.669796495054567e-5, 3.370523489534205e-5, 0.00010971288006983615, 4
341, 7.669796495054567e-5, 3.370523489534205e-5, 0.00010971288006983615, 4
342, 7.669796495054567e-5, 3.370523489534205e-5, 0.00010971288006983615, 4
344, 7.669796495054567e-5, 3.370523489534205e-5, 0.00010971288006983615, 4
345, 7.669796495054567e-5, 3.370523489534205e-5, 0.00010971288006983615, 4
346, 7.669796495054567e-5, 3.370523489534205e-5, 0.00010971288006983615, 4
348, 7.669796495054567e-5, 3.370523489534205e-5, 0.00010971288006983615, 4
349, 7.669796495054567e-5, 3.370523489534205e-5, 0.00010971288006983615, 4
350, 7.669796495054567e-5, 3.370523489534205e-5, 0.00010971288006983615, 4
351, 7.669796495054567e-5, 3.370523489534205e-5, 0.00010971288006983615, 4
353, 7.669796495054567e-5, 3.370523489534205e-5, 0.00010971288006983615, 4
354, 7.669796495054567e-5, 3.370523489534205e-5, 0.00010971288006983615, 4
355, 7.669796495054567e-5, 3.370523489534205e-5, 0.00010971288006983615, 4
356, 7.669796495054567e-5, 3.370523489534205e-5, 0.00010971288006983615, 4
357, 7.669796495054567e-5, 3.370523489534205e-5, 0.00010971288006983615, 4
358, 7.669796495054567e-5, 3.370523489534205e-5, 0.00010971288006983615, 4
359, 7.669796495054567e-5, 3.370523489534205e-5, 0.00010971288006983615, 4
360, 7.669796495054567e-5, 3.370523489534205e-5, 0.00010971288006983615, 4
361, 7.669796495054567e-5, 3.370523489534205e-5, 0.00010971288006983615, 4
362, 7.669796495054567e-5, 3.370523489534205e-5, 0.00010971288006983615, 4
363, 7.669796495054567e-5, 3.370523489534205e-5, 0.00010971288006983615, 4
364, 7.669796495054567e-5, 3.370523489534205e-5, 0.00010971288006983615, 4
365, 7.669796495054567e-5, 3.370523489534205e-5, 0.00010971288006983615, 4
366, 7.669796495054567e-5, 3.370523489534205e-5, 0.00010971288006983615, 4
367, 7.669796495054567e-5, 3.370523489534205e-5, 0.00010971288006983615, 4
368, 7.669796495054567e-5, 3.370523489534205e-5, 0.00010971288006983615, 4
369, 7.669796495054567e-5, 3.370523489534205e-5, 0.00010971288006983615, 4
370, 7.669796495054567e-5, 3.370523489534205e-5, 0.00010971288006983615, 4
372, 7.669796495054567e-5, 3.370523489534205e-5, 0.00010971288006983615, 4
373, 7.669796495054567e-5, 3.370523489534205e-5, 0.00010971288006983615, 4
374, 7.669796495054567e-5, 3.370523489534205e-5, 0.00010971288006983615, 4
375, 7.669796495054567e-5, 3.370523489534205e-5, 0.00010971288006983615, 4
376, 7.669796495054567e-5, 3.370523489534205e-5, 0.00010971288006983615, 4
377, 7.669796495054567e-5, 3.370523489534205e-5, 0.00010971288006983615, 4
378, 7.669796495054567e-5, 3.370523489534205e-5, 0.00010971288006983615, 4
379, 7.669796495054567e-5, 3.370523489534205e-5, 0.00010971288006983615, 4
380, 7.669796495054567e-5, 3.370523489534205e-5, 0.00010971288006983615, 4
381, 7.669796495054567e-5, 3.370523489534205e-5, 0.00010971288006983615, 4
382, 7.669796495054567e-5, 3.370523489534205e-5, 0.00010971288006983615, 4
383, 7.669796495054567e-5, 3.370523489534205e-5, 0.00010971288006983615, 4
384, 7.669796495054567e-5, 3.370523489534205e-5, 0.00010971288006983615, 4
385, 7.669796495054567e-5, 3.370523489534205e-5, 0.00010971288006983615, 4
386, 7.669796495054567e-5, 3.370523489534205e-5, 0.00010971288006983615, 4
387, 7.669796495054567e-5, 3.370523489534205e-5, 0.00010971288006983615, 4
388, 7.669796495054567e-5, 3.370523489534205e-5, 0.00010971288006983615, 4
389, 7.669796495054567e-5, 3.370523489534205e-5, 0.00010971288006983615, 4
391, 7.669796495054567e-5, 3.370523489534205e-5, 0.00010971288006983615, 4
392, 7.669796495054567e-5, 3.370523489534205e-5, 0.00010971288006983615, 4
393, 7.669796495054567e-5, 3.370523489534205e-5, 0.00010971288006983615, 4
394, 7.669796495054567e-5, 3.370523489534205e-5, 0.00010971288006983615, 4
395, 7.669796495054567e-5, 3.370523489534205e-5, 0.00010971288006983615, 4
396, 7.669796495054567e-5, 3.370523489534205e-5, 0.00010971288006983615, 4
397, 7.669796495054567e-5, 3.370523489534205e-5, 0.00010971288006983615, 4
398, 7.669796495054567e-5, 3.370523489534205e-5, 0.00010971288006983615, 4
399, 7.669796495054567e-5, 3.370523489534205e-5, 0.00010971288006983615, 4
401, 7.669796495054567e-5, 3.370523489534205e-5, 0.00010971288006983615, 4
402, 7.669796495054567e-5, 3.370523489534205e-5, 0.00010971288006983615, 4
403, 7.669796495054567e-5, 3.370523489534205e-5, 0.00010971288006983615, 4
404, 7.669796495054567e-5, 3.370523489534205e-5, 0.00010971288006983615, 4
406, 7.669796495054567e-5, 3.370523489534205e-5, 0.00010971288006983615, 4
407, 7.669796495054567e-5, 3.370523489534205e-5, 0.00010971288006983615, 4
408, 7.669796495054567e-5, 3.370523489534205e-5, 0.00010971288006983615, 4
409, 7.669796495054567e-5, 3.370523489534205e-5, 0.00010971288006983615, 4
410, 7.669796495054567e-5, 3.370523489534205e-5, 0.00010971288006983615, 4
411, 7.669796495054567e-5, 3.370523489534205e-5, 0.00010971288006983615, 4
412, 7.669796495054567e-5, 3.370523489534205e-5, 0.00010971288006983615, 4
413, 7.669796495054567e-5, 3.370523489534205e-5, 0.00010971288006983615, 4
414, 7.669796495054567e-5, 3.370523489534205e-5, 0.00010971288006983615, 4
415, 7.669796495054567e-5, 3.370523489534205e-5, 0.00010971288006983615, 4
416, 7.669796495054567e-5, 3.370523489534205e-5, 0.00010971288006983615, 4
417, 7.669796495054567e-5, 3.370523489534205e-5, 0.00010971288006983615, 4
418, 7.669796495054567e-5, 3.370523489534205e-5, 0.00010971288006983615, 4
419, 7.669796495054567e-5, 3.370523489534205e-5, 0.00010971288006983615, 4
420, 7.669796495054567e-5, 3.370523489534205e-5, 0.00010971288006983615, 4
421, 7.669796495054567e-5, 3.370523489534205e-5, 0.00010971288006983615, 4
422, 7.669796495054567e-5, 3.370523489534205e-5, 0.00010971288006983615, 4
424, 7.669796495054567e-5, 3.370523489534205e-5, 0.00010971288006983615, 4
425, 7.669796495054567e-5, 3.370523489534205e-5, 0.00010971288006983615, 4
426, 7.669796495054567e-5, 3.370523489534205e-5, 0.00010971288006983615, 4
427, 7.669796495054567e-5, 3.370523489534205e-5, 0.00010971288006983615, 4
428, 7.669796495054567e-5, 3.370523489534205e-5, 0.00010971288006983615, 4
429, 7.669796495054567e-5, 3.370523489534205e-5, 0.00010971288006983615, 4
430, 7.669796495054567e-5, 3.370523489534205e-5, 0.00010971288006983615, 4
431, 7.669796495054567e-5, 3.370523489534205e-5, 0.00010971288006983615, 4
432, 7.669796495054567e-5, 3.370523489534205e-5, 0.00010971288006983615, 4
433, 7.669796495054567e-5, 3.370523489534205e-5, 0.00010971288006983615, 4
434, 7.669796495054567e-5, 3.370523489534205e-5, 0.00010971288006983615, 4
435, 7.669796495054567e-5, 3.370523489534205e-5, 0.00010971288006983615, 4
436, 7.669796495054567e-5, 3.370523489534205e-5, 0.00010971288006983615, 4
438, 7.669796495054567e-5, 3.370523489534205e-5, 0.00010971288006983615, 4
439, 7.669796495054567e-5, 3.370523489534205e-5, 0.00010971288006983615, 4
440, 7.669796495054567e-5, 3.370523489534205e-5, 0.00010971288006983615, 4
441, 7.669796495054567e-5, 3.370523489534205e-5, 0.00010971288006983615, 4
443, 7.669796495054567e-5, 3.370523489534205e-5, 0.00010971288006983615, 4
444, 7.669796495054567e-5, 3.370523489534205e-5, 0.00010971288006983615, 4
445, 7.669796495054567e-5, 3.370523489534205e-5, 0.00010971288006983615, 4
446, 7.669796495054567e-5, 3.370523489534205e-5, 0.00010971288006983615, 4
448, 7.669796495054567e-5, 3.370523489534205e-5, 0.00010971288006983615, 4
449, 7.669796495054567e-5, 3.370523489534205e-5, 0.00010971288006983615, 4
450, 7.669796495054567e-5, 3.370523489534205e-5, 0.00010971288006983615, 4
451, 7.669796495054567e-5, 3.370523489534205e-5, 0.00010971288006983615, 4
452, 7.669796495054567e-5, 3.370523489534205e-5, 0.00010971288006983615, 4
453, 7.669796495054567e-5, 3.370523489534205e-5, 0.00010971288006983615, 4
454, 7.669796495054567e-5, 3.370523489534205e-5, 0.00010971288006983615, 4
455, 7.669796495054567e-5, 3.370523489534205e-5, 0.00010971288006983615, 4
456, 7.669796495054567e-5, 3.370523489534205e-5, 0.00010971288006983615, 4
457, 7.669796495054567e-5, 3.370523489534205e-5, 0.00010971288006983615, 4
458, 7.669796495054567e-5, 3.370523489534205e-5, 0.00010971288006983615, 4
459, 7.669796495054567e-5, 3.370523489534205e-5, 0.00010971288006983615, 4
460, 7.669796495054567e-5, 3.370523489534205e-5, 0.00010971288006983615, 4
461, 7.669796495054567e-5, 3.370523489534205e-5, 0.00010971288006983615, 4
462, 7.669796495054567e-5, 3.370523489534205e-5, 0.00010971288006983615, 4
463, 7.669796495054567e-5, 3.370523489534205e-5, 0.00010971288006983615, 4
465, 7.669796495054567e-5, 3.370523489534205e-5, 0.00010971288006983615, 4
466, 7.669796495054567e-5, 3.370523489534205e-5, 0.00010971288006983615, 4
467, 7.669796495054567e-5, 3.370523489534205e-5, 0.00010971288006983615, 4
468, 7.669796495054567e-5, 3.370523489534205e-5, 0.00010971288006983615, 4
469, 7.669796495054567e-5, 3.370523489534205e-5, 0.00010971288006983615, 4
470, 7.669796495054567e-5, 3.370523489534205e-5, 0.00010971288006983615, 4
471, 7.669796495054567e-5, 3.370523489534205e-5, 0.00010971288006983615, 4
472, 7.669796495054567e-5, 3.370523489534205e-5, 0.00010971288006983615, 4
473, 7.669796495054567e-5, 3.370523489534205e-5, 0.00010971288006983615, 4
474, 7.669796495054567e-5, 3.370523489534205e-5, 0.00010971288006983615, 4
475, 7.669796495054567e-5, 3.370523489534205e-5, 0.00010971288006983615, 4
476, 7.669796495054567e-5, 3.370523489534205e-5, 0.00010971288006983615, 4
477, 7.669796495054567e-5, 3.370523489534205e-5, 0.00010971288006983615, 4
478, 7.669796495054567e-5, 3.370523489534205e-5, 0.00010971288006983615, 4
479, 7.669796495054567e-5, 3.370523489534205e-5, 0.00010971288006983615, 4
480, 7.669796495054567e-5, 3.370523489534205e-5, 0.00010971288006983615, 4
481, 7.669796495054567e-5, 3.370523489534205e-5, 0.00010971288006983615, 4
482, 7.669796495054567e-5, 3.370523489534205e-5, 0.00010971288006983615, 4
483, 7.669796495054567e-5, 3.370523489534205e-5, 0.00010971288006983615, 4
484, 7.669796495054567e-5, 3.370523489534205e-5, 0.00010971288006983615, 4
485, 7.669796495054567e-5, 3.370523489534205e-5, 0.00010971288006983615, 4
487, 7.669796495054567e-5, 3.370523489534205e-5, 0.00010971288006983615, 4
488, 7.669796495054567e-5, 3.370523489534205e-5, 0.00010971288006983615, 4
489, 7.669796495054567e-5, 3.370523489534205e-5, 0.00010971288006983615, 4
490, 7.669796495054567e-5, 3.370523489534205e-5, 0.00010971288006983615, 4
491, 7.669796495054567e-5, 3.370523489534205e-5, 0.00010971288006983615, 4
492, 7.669796495054567e-5, 3.370523489534205e-5, 0.00010971288006983615, 4
493, 7.669796495054567e-5, 3.370523489534205e-5, 0.00010971288006983615, 4
494, 7.669796495054567e-5, 3.370523489534205e-5, 0.00010971288006983615, 4
495, 7.669796495054567e-5, 3.370523489534205e-5, 0.00010971288006983615, 4
496, 7.669796495054567e-5, 3.370523489534205e-5, 0.00010971288006983615, 4
497, 7.669796495054567e-5, 3.370523489534205e-5, 0.00010971288006983615, 4
498, 7.669796495054567e-5, 3.370523489534205e-5, 0.00010971288006983615, 4
499, 7.669796495054567e-5, 3.370523489534205e-5, 0.00010971288006983615, 4
500, 7.669796495054567e-5, 3.370523489534205e-5, 0.00010971288006983615, 4
501, 7.669796495054567e-5, 3.370523489534205e-5, 0.00010971288006983615, 4
