evals, mean, best, worst, success num
2, 3.355027412087185, 2.7309539547653667, 3.9999999999999996, 0
4, 3.355027412087185, 2.7309539547653667, 3.9999999999999996, 0
6, 3.291041587935526, 2.5572983494073545, 3.9999999999999996, 0
8, 3.291041587935526, 2.5572983494073545, 3.9999999999999996, 0
10, 1.5023590637673707, 0.9069463319870722, 1.8733173899308853, 0
12, 1.5023590637673707, 0.9069463319870722, 1.8733173899308853, 0
14, 1.5023590637673707, 0.9069463319870722, 1.8733173899308853, 0
15, 1.5023590637673707, 0.9069463319870722, 1.8733173899308853, 0
17, 1.5023590637673707, 0.9069463319870722, 1.8733173899308853, 0
19, 1.5023590637673707, 0.9069463319870722, 1.8733173899308853, 0
21, 1.5023590637673707, 0.9069463319870722, 1.8733173899308853, 0
23, 1.5023590637673707, 0.9069463319870722, 1.8733173899308853, 0
25, 1.5023590637673707, 0.9069463319870722, 1.8733173899308853, 0
27, 1.5023590637673707, 0.9069463319870722, 1.8733173899308853, 0
29, 0.041624518305161146, 0.014003793791100276, 0.053329155258579036, 4
31, 0.038059625767658964, 0.035979095350618176, 0.03977935768011614, 4
33, 0.038059625767658964, 0.035979095350618176, 0.03977935768011614, 4
35, 0.038059625767658964, 0.035979095350618176, 0.03977935768011614, 4
37, 0.038059625767658964, 0.035979095350618176, 0.03977935768011614, 4
38, 0.038059625767658964, 0.035979095350618176, 0.03977935768011614, 4
39, 0.038059625767658964, 0.035979095350618176, 0.03977935768011614, 4
41, 0.038059625767658964, 0.035979095350618176, 0.03977935768011614, 4
43, 0.038059625767658964, 0.035979095350618176, 0.03977935768011614, 4
45, 0.038059625767658964, 0.035979095350618176, 0.03977935768011614, 4
47, 0.038059625767658964, 0.035979095350618176, 0.03977935768011614, 4
49, 0.038059625767658964, 0.035979095350618176, 0.03977935768011614, 4
51, 0.038059625767658964, 0.035979095350618176, 0.03977935768011614, 4
52, 0.038059625767658964, 0.035979095350618176, 0.03977935768011614, 4
54, 0.0019779063008917527, 0.0012344689982022004, 0.0028363894979196117, 4
56, 0.0019779063008917527, 0.0012344689982022004, 0.0028363894979196117, 4
58, 0.0019779063008917527, 0.0012344689982022004, 0.0028363894979196117, 4
60, 0.0019779063008917527, 0.0012344689982022004, 0.0028363894979196117, 4
62, 0.0019779063008917527, 0.0012344689982022004, 0.0028363894979196117, 4
64, 0.0019779063008917527, 0.0012344689982022004, 0.0028363894979196117, 4
66, 0.0019779063008917527, 0.0012344689982022004, 0.0028363894979196117, 4
68, 0.0019779063008917527, 0.0012344689982022004, 0.0028363894979196117, 4
70, 0.0019779063008917527, 0.0012344689982022004, 0.0028363894979196117, 4
71, 0.0019779063008917527, 0.0012344689982022004, 0.0028363894979196117, 4
72, 0.0019779063008917527, 0.0012344689982022004, 0.0028363894979196117, 4
74, 0.0019779063008917527, 0.0012344689982022004, 0.0028363894979196117, 4
76, 0.0019779063008917527, 0.0012344689982022004, 0.0028363894979196117, 4
78, 0.0019779063008917527, 0.0012344689982022004, 0.0028363894979196117, 4
79, 0.0019779063008917527, 0.0012344689982022004, 0.0028363894979196117, 4
81, 0.0019779063008917527, 0.0012344689982022004, 0.0028363894979196117, 4
83, 0.0019779063008917527, 0.0012344689982022004, 0.0028363894979196117, 4
84, 0.0019779063008917527, 0.0012344689982022004, 0.0028363894979196117, 4
86, 0.0019779063008917527, 0.0012344689982022004, 0.0028363894979196117, 4
88, 0.0019779063008917527, 0.0012344689982022004, 0.0028363894979196117, 4
90, 0.0019779063008917527, 0.0012344689982022004, 0.0028363894979196117, 4
92, 0.0019779063008917527, 0.0012344689982022004, 0.0028363894979196117, 4
93, 0.0019779063008917527, 0.0012344689982022004, 0.0028363894979196117, 4
94, 0.0019779063008917527, 0.0012344689982022004, 0.0028363894979196117, 4
95, 0.0019779063008917527, 0.0012344689982022004, 0.0028363894979196117, 4
97, 0.0019779063008917527, 0.0012344689982022004, 0.0028363894979196117, 4
98, 0.0019779063008917527, 0.0012344689982022004, 0.0028363894979196117, 4
99, 0.0019779063008917527, 0.0012344689982022004, 0.0028363894979196117, 4
100, 0.0019779063008917527, 0.0012344689982022004, 0.0028363894979196117, 4
101, 0.0019779063008917527, 0.0012344689982022004, 0.0028363894979196117, 4
103, 0.0019779063008917527, 0.0012344689982022004, 0.0028363894979196117, 4
105, 0.0019779063008917527, 0.0012344689982022004, 0.0028363894979196117, 4
107, 0.0019779063008917527, 0.0012344689982022004, 0.0028363894979196117, 4
109, 0.0019779063008917527, 0.0012344689982022004, 0.0028363894979196117, 4
111, 0.0019779063008917527, 0.0012344689982022004, 0.0028363894979196117, 4
113, 0.0019779063008917527, 0.0012344689982022004, 0.0028363894979196117, 4
115, 0.0019779063008917527, 0.0012344689982022004, 0.0028363894979196117, 4
117, 0.0019779063008917527, 0.0012344689982022004, 0.0028363894979196117, 4
119, 0.0019779063008917527, 0.0012344689982022004, 0.0028363894979196117, 4
121, 0.0019779063008917527, 0.0012344689982022004, 0.0028363894979196117, 4
123, 0.0019779063008917527, 0.0012344689982022004, 0.0028363894979196117, 4
124, 0.0019779063008917527, 0.0012344689982022004, 0.0028363894979196117, 4
126, 0.0019779063008917527, 0.0012344689982022004, 0.0028363894979196117, 4
127, 0.0019779063008917527, 0.0012344689982022004, 0.0028363894979196117, 4
128, 0.0019779063008917527, 0.0012344689982022004, 0.0028363894979196117, 4
130, 0.0019779063008917527, 0.0012344689982022004, 0.0028363894979196117, 4
132, 0.0019779063008917527, 0.0012344689982022004, 0.0028363894979196117, 4
134, 0.0019779063008917527, 0.0012344689982022004, 0.0028363894979196117, 4
136, 0.0019779063008917527, 0.0012344689982022004, 0.0028363894979196117, 4
137, 0.0019779063008917527, 0.0012344689982022004, 0.0028363894979196117, 4
138, 0.0019779063008917527, 0.0012344689982022004, 0.0028363894979196117, 4
139, 0.0019779063008917527, 0.0012344689982022004, 0.0028363894979196117, 4
141, 0.0019779063008917527, 0.0012344689982022004, 0.0028363894979196117, 4
143, 0.0019779063008917527, 0.0012344689982022004, 0.0028363894979196117, 4
144, 0.0019779063008917527, 0.0012344689982022004, 0.0028363894979196117, 4
145, 0.0019779063008917527, 0.0012344689982022004, 0.0028363894979196117, 4
147, 0.0019779063008917527, 0.0012344689982022004, 0.0028363894979196117, 4
149, 0.0019779063008917527, 0.0012344689982022004, 0.0028363894979196117, 4
150, 0.0019779063008917527, 0.0012344689982022004, 0.0028363894979196117, 4
152, 0.0019779063008917527, 0.0012344689982022004, 0.0028363894979196117, 4
153, 0.0019779063008917527, 0.0012344689982022004, 0.0028363894979196117, 4
155, 0.0019779063008917527, 0.0012344689982022004, 0.0028363894979196117, 4
157, 0.0019779063008917527, 0.0012344689982022004, 0.0028363894979196117, 4
158, 0.0019779063008917527, 0.0012344689982022004, 0.0028363894979196117, 4
159, 0.0019779063008917527, 0.0012344689982022004, 0.0028363894979196117, 4
161, 0.0019779063008917527, 0.0012344689982022004, 0.0028363894979196117, 4
162, 0.0019779063008917527, 0.0012344689982022004, 0.0028363894979196117, 4
163, 0.0019779063008917527, 0.0012344689982022004, 0.0028363894979196117, 4
164, 0.0019779063008917527, 0.0012344689982022004, 0.0028363894979196117, 4
166, 0.0019779063008917527, 0.0012344689982022004, 0.0028363894979196117, 4
167, 0.0019779063008917527, 0.0012344689982022004, 0.0028363894979196117, 4
169, 0.0019779063008917527, 0.0012344689982022004, 0.0028363894979196117, 4
171, 0.0019779063008917527, 0.0012344689982022004, 0.0028363894979196117, 4
172, 0.0019779063008917527, 0.0012344689982022004, 0.0028363894979196117, 4
173, 0.0019779063008917527, 0.0012344689982022004, 0.0028363894979196117, 4
175, 0.0019779063008917527, 0.0012344689982022004, 0.0028363894979196117, 4
177, 0.0019779063008917527, 0.0012344689982022004, 0.0028363894979196117, 4
178, 0.0019779063008917527, 0.0012344689982022004, 0.0028363894979196117, 4
180, 0.0019779063008917527, 0.0012344689982022004, 0.0028363894979196117, 4
181, 0.0019779063008917527, 0.0012344689982022004, 0.0028363894979196117, 4
183, 0.0019779063008917527, 0.0012344689982022004, 0.0028363894979196117, 4
184, 0.0019779063008917527, 0.0012344689982022004, 0.0028363894979196117, 4
186, 0.0019779063008917527, 0.0012344689982022004, 0.0028363894979196117, 4
188, 0.0019779063008917527, 0.0012344689982022004, 0.0028363894979196117, 4
189, 0.0019779063008917527, 0.0012344689982022004, 0.0028363894979196117, 4
190, 0.0019779063008917527, 0.0012344689982022004, 0.0028363894979196117, 4
192, 0.0019779063008917527, 0.0012344689982022004, 0.0028363894979196117, 4
194, 0.0019779063008917527, 0.0012344689982022004, 0.0028363894979196117, 4
195, 0.0019779063008917527, 0.0012344689982022004, 0.0028363894979196117, 4
197, 0.0019779063008917527, 0.0012344689982022004, 0.0028363894979196117, 4
198, 0.0019779063008917527, 0.0012344689982022004, 0.0028363894979196117, 4
199, 0.0019779063008917527, 0.0012344689982022004, 0.0028363894979196117, 4
200, 0.0019779063008917527, 0.0012344689982022004, 0.0028363894979196117, 4
202, 0.0019779063008917527, 0.0012344689982022004, 0.0028363894979196117, 4
204, 0.0019779063008917527, 0.0012344689982022004, 0.0028363894979196117, 4
205, 0.0019779063008917527, 0.0012344689982022004, 0.0028363894979196117, 4
207, 0.0019779063008917527, 0.0012344689982022004, 0.0028363894979196117, 4
208, 0.0019779063008917527, 0.0012344689982022004, 0.0028363894979196117, 4
209, 0.0019779063008917527, 0.0012344689982022004, 0.0028363894979196117, 4
210, 0.0019779063008917527, 0.0012344689982022004, 0.0028363894979196117, 4
211, 0.0019779063008917527, 0.0012344689982022004, 0.0028363894979196117, 4
213, 0.0019779063008917527, 0.0012344689982022004, 0.0028363894979196117, 4
214, 0.0019779063008917527, 0.0012344689982022004, 0.0028363894979196117, 4
215, 0.0019779063008917527, 0.0012344689982022004, 0.0028363894979196117, 4
216, 0.0019779063008917527, 0.0012344689982022004, 0.0028363894979196117, 4
217, 0.0019779063008917527, 0.0012344689982022004, 0.0028363894979196117, 4
218, 0.0019779063008917527, 0.0012344689982022004, 0.0028363894979196117, 4
219, 0.0019779063008917527, 0.0012344689982022004, 0.0028363894979196117, 4
220, 0.0019779063008917527, 0.0012344689982022004, 0.0028363894979196117, 4
221, 0.0019779063008917527, 0.0012344689982022004, 0.0028363894979196117, 4
222, 0.0019779063008917527, 0.0012344689982022004, 0.0028363894979196117, 4
223, 0.0019779063008917527, 0.0012344689982022004, 0.0028363894979196117, 4
224, 0.0019779063008917527, 0.0012344689982022004, 0.0028363894979196117, 4
225, 0.0019779063008917527, 0.0012344689982022004, 0.0028363894979196117, 4
226, 0.0019779063008917527, 0.0012344689982022004, 0.0028363894979196117, 4
227, 0.0019779063008917527, 0.0012344689982022004, 0.0028363894979196117, 4
228, 0.0019779063008917527, 0.0012344689982022004, 0.0028363894979196117, 4
229, 0.0019779063008917527, 0.0012344689982022004, 0.0028363894979196117, 4
230, 0.0019779063008917527, 0.0012344689982022004, 0.0028363894979196117, 4
231, 0.0019779063008917527, 0.0012344689982022004, 0.0028363894979196117, 4
232, 0.0019779063008917527, 0.0012344689982022004, 0.0028363894979196117, 4
234, 0.0019779063008917527, 0.0012344689982022004, 0.0028363894979196117, 4
235, 0.0019779063008917527, 0.0012344689982022004, 0.0028363894979196117, 4
236, 0.0019779063008917527, 0.0012344689982022004, 0.0028363894979196117, 4
238, 0.0019779063008917527, 0.0012344689982022004, 0.0028363894979196117, 4
239, 0.0019779063008917527, 0.0012344689982022004, 0.0028363894979196117, 4
241, 0.0019779063008917527, 0.0012344689982022004, 0.0028363894979196117, 4
242, 0.0019779063008917527, 0.0012344689982022004, 0.0028363894979196117, 4
243, 0.0019779063008917527, 0.0012344689982022004, 0.0028363894979196117, 4
245, 0.0019779063008917527, 0.0012344689982022004, 0.0028363894979196117, 4
246, 0.0019779063008917527, 0.0012344689982022004, 0.0028363894979196117, 4
247, 0.0019779063008917527, 0.0012344689982022004, 0.0028363894979196117, 4
248, 0.0019779063008917527, 0.0012344689982022004, 0.0028363894979196117, 4
249, 0.0019779063008917527, 0.0012344689982022004, 0.0028363894979196117, 4
250, 0.0019779063008917527, 0.0012344689982022004, 0.0028363894979196117, 4
251, 0.0019779063008917527, 0.0012344689982022004, 0.0028363894979196117, 4
252, 0.0019779063008917527, 0.0012344689982022004, 0.0028363894979196117, 4
254, 0.0019779063008917527, 0.0012344689982022004, 0.0028363894979196117, 4
255, 0.0019779063008917527, 0.0012344689982022004, 0.0028363894979196117, 4
256, 0.0019779063008917527, 0.0012344689982022004, 0.0028363894979196117, 4
257, 0.0019779063008917527, 0.0012344689982022004, 0.0028363894979196117, 4
258, 0.0019779063008917527, 0.0012344689982022004, 0.0028363894979196117, 4
260, 0.0019779063008917527, 0.0012344689982022004, 0.0028363894979196117, 4
261, 0.0019779063008917527, 0.0012344689982022004, 0.0028363894979196117, 4
262, 0.0019779063008917527, 0.0012344689982022004, 0.0028363894979196117, 4
263, 0.0019779063008917527, 0.0012344689982022004, 0.0028363894979196117, 4
264, 0.0019779063008917527, 0.0012344689982022004, 0.0028363894979196117, 4
265, 0.0019779063008917527, 0.0012344689982022004, 0.0028363894979196117, 4
266, 0.0019779063008917527, 0.0012344689982022004, 0.0028363894979196117, 4
267, 0.0019779063008917527, 0.0012344689982022004, 0.0028363894979196117, 4
268, 0.0019779063008917527, 0.0012344689982022004, 0.0028363894979196117, 4
269, 0.0019779063008917527, 0.0012344689982022004, 0.0028363894979196117, 4
270, 0.0019779063008917527, 0.0012344689982022004, 0.0028363894979196117, 4
271, 0.0019779063008917527, 0.0012344689982022004, 0.0028363894979196117, 4
272, 0.0019779063008917527, 0.0012344689982022004, 0.0028363894979196117, 4
273, 0.0019779063008917527, 0.0012344689982022004, 0.0028363894979196117, 4
274, 0.0019779063008917527, 0.0012344689982022004, 0.0028363894979196117, 4
276, 0.0019779063008917527, 0.0012344689982022004, 0.0028363894979196117, 4
278, 0.0019779063008917527, 0.0012344689982022004, 0.0028363894979196117, 4
280, 0.0019779063008917527, 0.0012344689982022004, 0.0028363894979196117, 4
281, 0.0019779063008917527, 0.0012344689982022004, 0.0028363894979196117, 4
283, 0.0019779063008917527, 0.0012344689982022004, 0.0028363894979196117, 4
284, 0.0019779063008917527, 0.0012344689982022004, 0.0028363894979196117, 4
285, 0.0019779063008917527, 0.0012344689982022004, 0.0028363894979196117, 4
286, 0.0019779063008917527, 0.0012344689982022004, 0.0028363894979196117, 4
288, 0.0019779063008917527, 0.0012344689982022004, 0.0028363894979196117, 4
289, 0.0019779063008917527, 0.0012344689982022004, 0.0028363894979196117, 4
290, 0.0019779063008917527, 0.0012344689982022004, 0.0028363894979196117, 4
291, 0.0019779063008917527, 0.0012344689982022004, 0.0028363894979196117, 4
293, 0.0019779063008917527, 0.0012344689982022004, 0.0028363894979196117, 4
294, 0.0019779063008917527, 0.0012344689982022004, 0.0028363894979196117, 4
295, 0.0019779063008917527, 0.0012344689982022004, 0.0028363894979196117, 4
297, 0.0019779063008917527, 0.0012344689982022004, 0.0028363894979196117, 4
298, 0.0019779063008917527, 0.0012344689982022004, 0.0028363894979196117, 4
299, 0.0019779063008917527, 0.0012344689982022004, 0.0028363894979196117, 4
300, 0.0019779063008917527, 0.0012344689982022004, 0.0028363894979196117, 4
301, 0.0019779063008917527, 0.0012344689982022004, 0.0028363894979196117, 4
303, 0.0019779063008917527, 0.0012344689982022004, 0.0028363894979196117, 4
304, 0.0019779063008917527, 0.0012344689982022004, 0.0028363894979196117, 4
305, 0.0019779063008917527, 0.0012344689982022004, 0.0028363894979196117, 4
306, 0.0019779063008917527, 0.0012344689982022004, 0.0028363894979196117, 4
308, 0.0019779063008917527, 0.0012344689982022004, 0.0028363894979196117, 4
309, 0.0019779063008917527, 0.0012344689982022004, 0.0028363894979196117, 4
310, 0.0019779063008917527, 0.0012344689982022004, 0.0028363894979196117, 4
311, 0.0019779063008917527, 0.0012344689982022004, 0.0028363894979196117, 4
312, 0.0019779063008917527, 0.0012344689982022004, 0.0028363894979196117, 4
314, 0.0019779063008917527, 0.0012344689982022004, 0.0028363894979196117, 4
315, 0.0019779063008917527, 0.0012344689982022004, 0.0028363894979196117, 4
316, 0.0019779063008917527, 0.0012344689982022004, 0.0028363894979196117, 4
317, 0.0019779063008917527, 0.0012344689982022004, 0.0028363894979196117, 4
318, 0.0019779063008917527, 0.0012344689982022004, 0.0028363894979196117, 4
319, 0.0019779063008917527, 0.0012344689982022004, 0.0028363894979196117, 4
320, 0.0019779063008917527, 0.0012344689982022004, 0.0028363894979196117, 4
321, 0.0019779063008917527, 0.0012344689982022004, 0.0028363894979196117, 4
322, 0.0019779063008917527, 0.0012344689982022004, 0.0028363894979196117, 4
323, 0.0019779063008917527, 0.0012344689982022004, 0.0028363894979196117, 4
325, 0.0019779063008917527, 0.0012344689982022004, 0.0028363894979196117, 4
326, 0.0019779063008917527, 0.0012344689982022004, 0.0028363894979196117, 4
327, 0.0019779063008917527, 0.0012344689982022004, 0.0028363894979196117, 4
328, 0.0019779063008917527, 0.0012344689982022004, 0.0028363894979196117, 4
330, 0.0019779063008917527, 0.0012344689982022004, 0.0028363894979196117, 4
332, 0.0019779063008917527, 0.0012344689982022004, 0.0028363894979196117, 4
333, 0.0019779063008917527, 0.0012344689982022004, 0.0028363894979196117, 4
334, 0.0019779063008917527, 0.0012344689982022004, 0.0028363894979196117, 4
335, 0.0019779063008917527, 0.0012344689982022004, 0.0028363894979196117, 4
336, 0.0019779063008917527, 0.0012344689982022004, 0.0028363894979196117, 4
337, 0.0019779063008917527, 0.0012344689982022004, 0.0028363894979196117, 4
338, 0.0019779063008917527, 0.0012344689982022004, 0.0028363894979196117, 4
339, 0.0019779063008917527, 0.0012344689982022004, 0.0028363894979196117, 4
340, 0.0019779063008917527, 0.0012344689982022004, 0.0028363894979196117, 4
341, 0.0019779063008917527, 0.0012344689982022004, 0.0028363894979196117, 4
342, 0.0019779063008917527, 0.0012344689982022004, 0.0028363894979196117, 4
343, 0.0019779063008917527, 0.0012344689982022004, 0.0028363894979196117, 4
344, 0.0019779063008917527, 0.0012344689982022004, 0.0028363894979196117, 4
345, 0.0019779063008917527, 0.0012344689982022004, 0.0028363894979196117, 4
346, 0.0019779063008917527, 0.0012344689982022004, 0.0028363894979196117, 4
347, 0.0019779063008917527, 0.0012344689982022004, 0.0028363894979196117, 4
348, 0.0019779063008917527, 0.0012344689982022004, 0.0028363894979196117, 4
349, 0.0019779063008917527, 0.0012344689982022004, 0.0028363894979196117, 4
350, 0.0019779063008917527, 0.0012344689982022004, 0.0028363894979196117, 4
351, 0.0019779063008917527, 0.0012344689982022004, 0.0028363894979196117, 4
352, 0.0019779063008917527, 0.0012344689982022004, 0.0028363894979196117, 4
353, 0.0019779063008917527, 0.0012344689982022004, 0.0028363894979196117, 4
354, 0.0019779063008917527, 0.0012344689982022004, 0.0028363894979196117, 4
355, 0.0019779063008917527, 0.0012344689982022004, 0.0028363894979196117, 4
356, 0.0019779063008917527, 0.0012344689982022004, 0.0028363894979196117, 4
357, 0.0019779063008917527, 0.0012344689982022004, 0.0028363894979196117, 4
358, 0.0019779063008917527, 0.0012344689982022004, 0.0028363894979196117, 4
360, 0.0019779063008917527, 0.0012344689982022004, 0.0028363894979196117, 4
361, 0.0019779063008917527, 0.0012344689982022004, 0.0028363894979196117, 4
362, 0.0019779063008917527, 0.0012344689982022004, 0.0028363894979196117, 4
363, 0.0019779063008917527, 0.0012344689982022004, 0.0028363894979196117, 4
364, 0.0019779063008917527, 0.0012344689982022004, 0.0028363894979196117, 4
365, 0.0019779063008917527, 0.0012344689982022004, 0.0028363894979196117, 4
366, 0.0019779063008917527, 0.0012344689982022004, 0.0028363894979196117, 4
367, 0.0019779063008917527, 0.0012344689982022004, 0.0028363894979196117, 4
368, 0.0019779063008917527, 0.0012344689982022004, 0.0028363894979196117, 4
369, 0.0019779063008917527, 0.0012344689982022004, 0.0028363894979196117, 4
370, 0.0019779063008917527, 0.0012344689982022004, 0.0028363894979196117, 4
371, 0.0019779063008917527, 0.0012344689982022004, 0.0028363894979196117, 4
372, 0.0019779063008917527, 0.0012344689982022004, 0.0028363894979196117, 4
374, 0.0019779063008917527, 0.0012344689982022004, 0.0028363894979196117, 4
375, 0.0019779063008917527, 0.0012344689982022004, 0.0028363894979196117, 4
376, 0.0019779063008917527, 0.0012344689982022004, 0.0028363894979196117, 4
377, 0.0019779063008917527, 0.0012344689982022004, 0.0028363894979196117, 4
378, 0.0019779063008917527, 0.0012344689982022004, 0.0028363894979196117, 4
379, 0.0019779063008917527, 0.0012344689982022004, 0.0028363894979196117, 4
380, 0.0019779063008917527, 0.0012344689982022004, 0.0028363894979196117, 4
381, 0.0019779063008917527, 0.0012344689982022004, 0.0028363894979196117, 4
382, 0.0019779063008917527, 0.0012344689982022004, 0.0028363894979196117, 4
383, 0.0019779063008917527, 0.0012344689982022004, 0.0028363894979196117, 4
384, 0.0019779063008917527, 0.0012344689982022004, 0.0028363894979196117, 4
385, 0.0019779063008917527, 0.0012344689982022004, 0.0028363894979196117, 4
386, 0.0019779063008917527, 0.0012344689982022004, 0.0028363894979196117, 4
388, 0.0019779063008917527, 0.0012344689982022004, 0.0028363894979196117, 4
389, 0.0019779063008917527, 0.0012344689982022004, 0.0028363894979196117, 4
391, 0.0019779063008917527, 0.0012344689982022004, 0.0028363894979196117, 4
392, 0.0019779063008917527, 0.0012344689982022004, 0.0028363894979196117, 4
393, 0.0019779063008917527, 0.0012344689982022004, 0.0028363894979196117, 4
394, 0.0019779063008917527, 0.0012344689982022004, 0.0028363894979196117, 4
395, 0.0019779063008917527, 0.0012344689982022004, 0.0028363894979196117, 4
396, 0.0019779063008917527, 0.0012344689982022004, 0.0028363894979196117, 4
398, 0.0019779063008917527, 0.0012344689982022004, 0.0028363894979196117, 4
399, 0.0019779063008917527, 0.0012344689982022004, 0.0028363894979196117, 4
400, 0.0019779063008917527, 0.0012344689982022004, 0.0028363894979196117, 4
402, 0.0019779063008917527, 0.0012344689982022004, 0.0028363894979196117, 4
403, 0.0019779063008917527, 0.0012344689982022004, 0.0028363894979196117, 4
404, 0.0019779063008917527, 0.0012344689982022004, 0.0028363894979196117, 4
405, 0.0019779063008917527, 0.0012344689982022004, 0.0028363894979196117, 4
406, 0.0019779063008917527, 0.0012344689982022004, 0.0028363894979196117, 4
407, 0.0019779063008917527, 0.0012344689982022004, 0.0028363894979196117, 4
408, 0.0019779063008917527, 0.0012344689982022004, 0.0028363894979196117, 4
410, 0.0019779063008917527, 0.0012344689982022004, 0.0028363894979196117, 4
411, 0.0019779063008917527, 0.0012344689982022004, 0.0028363894979196117, 4
412, 0.0019779063008917527, 0.0012344689982022004, 0.0028363894979196117, 4
414, 0.0019779063008917527, 0.0012344689982022004, 0.0028363894979196117, 4
415, 0.0019779063008917527, 0.0012344689982022004, 0.0028363894979196117, 4
416, 0.0019779063008917527, 0.0012344689982022004, 0.0028363894979196117, 4
417, 0.0019779063008917527, 0.0012344689982022004, 0.0028363894979196117, 4
418, 0.0019779063008917527, 0.0012344689982022004, 0.0028363894979196117, 4
419, 0.0019779063008917527, 0.0012344689982022004, 0.0028363894979196117, 4
420, 0.0019779063008917527, 0.0012344689982022004, 0.0028363894979196117, 4
421, 0.0019779063008917527, 0.0012344689982022004, 0.0028363894979196117, 4
422, 0.0019779063008917527, 0.0012344689982022004, 0.0028363894979196117, 4
423, 0.0019779063008917527, 0.0012344689982022004, 0.0028363894979196117, 4
424, 0.0019779063008917527, 0.0012344689982022004, 0.0028363894979196117, 4
425, 0.0019779063008917527, 0.0012344689982022004, 0.0028363894979196117, 4
426, 0.0019779063008917527, 0.0012344689982022004, 0.0028363894979196117, 4
427, 0.0019779063008917527, 0.0012344689982022004, 0.0028363894979196117, 4
428, 0.0019779063008917527, 0.0012344689982022004, 0.0028363894979196117, 4
429, 0.0019779063008917527, 0.0012344689982022004, 0.0028363894979196117, 4
430, 0.0019779063008917527, 0.0012344689982022004, 0.0028363894979196117, 4
431, 0.0019779063008917527, 0.0012344689982022004, 0.0028363894979196117, 4
432, 0.0019779063008917527, 0.0012344689982022004, 0.0028363894979196117, 4
433, 0.0019779063008917527, 0.0012344689982022004, 0.0028363894979196117, 4
434, 0.0019779063008917527, 0.0012344689982022004, 0.0028363894979196117, 4
435, 0.0019779063008917527, 0.0012344689982022004, 0.0028363894979196117, 4
436, 0.0019779063008917527, 0.0012344689982022004, 0.0028363894979196117, 4
437, 0.0019779063008917527, 0.0012344689982022004, 0.0028363894979196117, 4
438, 0.0019779063008917527, 0.0012344689982022004, 0.0028363894979196117, 4
439, 0.0019779063008917527, 0.0012344689982022004, 0.0028363894979196117, 4
440, 0.0019779063008917527, 0.0012344689982022004, 0.0028363894979196117, 4
441, 0.0019779063008917527, 0.0012344689982022004, 0.0028363894979196117, 4
442, 0.0019779063008917527, 0.0012344689982022004, 0.0028363894979196117, 4
443, 0.0019779063008917527, 0.0012344689982022004, 0.0028363894979196117, 4
444, 0.0019779063008917527, 0.0012344689982022004, 0.0028363894979196117, 4
445, 0.0019779063008917527, 0.0012344689982022004, 0.0028363894979196117, 4
446, 0.0019779063008917527, 0.0012344689982022004, 0.0028363894979196117, 4
447, 0.0019779063008917527, 0.0012344689982022004, 0.0028363894979196117, 4
448, 0.0019779063008917527, 0.0012344689982022004, 0.0028363894979196117, 4
449, 0.0019779063008917527, 0.0012344689982022004, 0.0028363894979196117, 4
450, 0.0019779063008917527, 0.0012344689982022004, 0.0028363894979196117, 4
451, 0.0019779063008917527, 0.0012344689982022004, 0.0028363894979196117, 4
452, 0.0019779063008917527, 0.0012344689982022004, 0.0028363894979196117, 4
453, 0.0019779063008917527, 0.0012344689982022004, 0.0028363894979196117, 4
454, 0.0019779063008917527, 0.0012344689982022004, 0.0028363894979196117, 4
455, 0.0019779063008917527, 0.0012344689982022004, 0.0028363894979196117, 4
456, 0.0019779063008917527, 0.0012344689982022004, 0.0028363894979196117, 4
457, 0.0019779063008917527, 0.0012344689982022004, 0.0028363894979196117, 4
458, 0.0019779063008917527, 0.0012344689982022004, 0.0028363894979196117, 4
459, 0.0019779063008917527, 0.0012344689982022004, 0.0028363894979196117, 4
460, 0.0019779063008917527, 0.0012344689982022004, 0.0028363894979196117, 4
461, 0.0019779063008917527, 0.0012344689982022004, 0.0028363894979196117, 4
462, 0.0019779063008917527, 0.0012344689982022004, 0.0028363894979196117, 4
463, 0.0019779063008917527, 0.0012344689982022004, 0.0028363894979196117, 4
464, 0.0019779063008917527, 0.0012344689982022004, 0.0028363894979196117, 4
465, 0.0019779063008917527, 0.0012344689982022004, 0.0028363894979196117, 4
466, 0.0019779063008917527, 0.0012344689982022004, 0.0028363894979196117, 4
467, 0.0019779063008917527, 0.0012344689982022004, 0.0028363894979196117, 4
469, 0.0019779063008917527, 0.0012344689982022004, 0.0028363894979196117, 4
470, 0.0019779063008917527, 0.0012344689982022004, 0.0028363894979196117, 4
471, 0.0019779063008917527, 0.0012344689982022004, 0.0028363894979196117, 4
472, 0.0019779063008917527, 0.0012344689982022004, 0.0028363894979196117, 4
473, 0.0019779063008917527, 0.0012344689982022004, 0.0028363894979196117, 4
474, 0.0019779063008917527, 0.0012344689982022004, 0.0028363894979196117, 4
475, 0.0019779063008917527, 0.0012344689982022004, 0.0028363894979196117, 4
476, 0.0019779063008917527, 0.0012344689982022004, 0.0028363894979196117, 4
477, 0.0019779063008917527, 0.0012344689982022004, 0.0028363894979196117, 4
478, 0.0019779063008917527, 0.0012344689982022004, 0.0028363894979196117, 4
479, 0.0019779063008917527, 0.0012344689982022004, 0.0028363894979196117, 4
480, 0.0019779063008917527, 0.0012344689982022004, 0.0028363894979196117, 4
481, 0.0019779063008917527, 0.0012344689982022004, 0.0028363894979196117, 4
482, 0.0019779063008917527, 0.0012344689982022004, 0.0028363894979196117, 4
483, 0.0019779063008917527, 0.0012344689982022004, 0.0028363894979196117, 4
484, 0.0019779063008917527, 0.0012344689982022004, 0.0028363894979196117, 4
485, 0.0019779063008917527, 0.0012344689982022004, 0.0028363894979196117, 4
486, 0.0019779063008917527, 0.0012344689982022004, 0.0028363894979196117, 4
487, 0.0019779063008917527, 0.0012344689982022004, 0.0028363894979196117, 4
488, 0.0019779063008917527, 0.0012344689982022004, 0.0028363894979196117, 4
489, 0.0019779063008917527, 0.0012344689982022004, 0.0028363894979196117, 4
490, 0.0019779063008917527, 0.0012344689982022004, 0.0028363894979196117, 4
491, 0.0019779063008917527, 0.0012344689982022004, 0.0028363894979196117, 4
492, 0.0019779063008917527, 0.0012344689982022004, 0.0028363894979196117, 4
493, 0.0019779063008917527, 0.0012344689982022004, 0.0028363894979196117, 4
494, 0.0019779063008917527, 0.0012344689982022004, 0.0028363894979196117, 4
495, 0.0019779063008917527, 0.0012344689982022004, 0.0028363894979196117, 4
496, 0.0019779063008917527, 0.0012344689982022004, 0.0028363894979196117, 4
497, 0.0019779063008917527, 0.0012344689982022004, 0.0028363894979196117, 4
498, 0.0019779063008917527, 0.0012344689982022004, 0.0028363894979196117, 4
499, 0.0019779063008917527, 0.0012344689982022004, 0.0028363894979196117, 4
500, 0.0019779063008917527, 0.0012344689982022004, 0.0028363894979196117, 4
501, 0.0019779063008917527, 0.0012344689982022004, 0.0028363894979196117, 4
