evals, mean, best, worst, success num
2, 3.523867865038024, 3.0134090728946163, 3.9999999999999996, 0
4, 3.1349717585176293, 2.487223708731948, 3.781186354840403, 0
6, 3.1349717585176293, 2.487223708731948, 3.781186354840403, 0
8, 3.026848578755847, 0.5820143200110811, 3.9999999999999996, 0
10, 3.026848578755847, 0.5820143200110811, 3.9999999999999996, 0
12, 3.026848578755847, 0.5820143200110811, 3.9999999999999996, 0
13, 2.6107826120234483, 1.530005094805967, 3.6863295537704257, 0
15, 2.6107826120234483, 1.530005094805967, 3.6863295537704257, 0
17, 2.6107826120234483, 1.530005094805967, 3.6863295537704257, 0
19, 2.6107826120234483, 1.530005094805967, 3.6863295537704257, 0
21, 2.6107826120234483, 1.530005094805967, 3.6863295537704257, 0
23, 2.6107826120234483, 1.530005094805967, 3.6863295537704257, 0
25, 2.6107826120234483, 1.530005094805967, 3.6863295537704257, 0
27, 2.6107826120234483, 1.530005094805967, 3.6863295537704257, 0
29, 2.6107826120234483, 1.530005094805967, 3.6863295537704257, 0
31, 2.6107826120234483, 1.530005094805967, 3.6863295537704257, 0
32, 2.6107826120234483, 1.530005094805967, 3.6863295537704257, 0
34, 2.6107826120234483, 1.530005094805967, 3.6863295537704257, 0
36, 2.6107826120234483, 1.530005094805967, 3.6863295537704257, 0
38, 2.4415822807861947, 1.0523736550153628, 3.9999999999999996, 0
40, 2.4415822807861947, 1.0523736550153628, 3.9999999999999996, 0
42, 2.4415822807861947, 1.0523736550153628, 3.9999999999999996, 0
44, 2.4415822807861947, 1.0523736550153628, 3.9999999999999996, 0
46, 2.4415822807861947, 1.0523736550153628, 3.9999999999999996, 0
48, 2.4415822807861947, 1.0523736550153628, 3.9999999999999996, 0
49, 2.4415822807861947, 1.0523736550153628, 3.9999999999999996, 0
51, 2.4415822807861947, 1.0523736550153628, 3.9999999999999996, 0
53, 2.4415822807861947, 1.0523736550153628, 3.9999999999999996, 0
55, 2.4415822807861947, 1.0523736550153628, 3.9999999999999996, 0
57, 2.4415822807861947, 1.0523736550153628, 3.9999999999999996, 0
59, 2.4415822807861947, 1.0523736550153628, 3.9999999999999996, 0
61, 2.4415822807861947, 1.0523736550153628, 3.9999999999999996, 0
62, 2.4415822807861947, 1.0523736550153628, 3.9999999999999996, 0
64, 2.4415822807861947, 1.0523736550153628, 3.9999999999999996, 0
66, 2.070196733620179, 0.32443444594063997, 3.9999999999999996, 0
68, 2.070196733620179, 0.32443444594063997, 3.9999999999999996, 0
69, 2.070196733620179, 0.32443444594063997, 3.9999999999999996, 0
70, 2.070196733620179, 0.32443444594063997, 3.9999999999999996, 0
71, 2.070196733620179, 0.32443444594063997, 3.9999999999999996, 0
73, 2.070196733620179, 0.32443444594063997, 3.9999999999999996, 0
74, 2.070196733620179, 0.32443444594063997, 3.9999999999999996, 0
76, 2.070196733620179, 0.32443444594063997, 3.9999999999999996, 0
77, 2.070196733620179, 0.32443444594063997, 3.9999999999999996, 0
78, 2.070196733620179, 0.32443444594063997, 3.9999999999999996, 0
80, 2.070196733620179, 0.32443444594063997, 3.9999999999999996, 0
81, 2.070196733620179, 0.32443444594063997, 3.9999999999999996, 0
82, 2.070196733620179, 0.32443444594063997, 3.9999999999999996, 0
84, 2.070196733620179, 0.32443444594063997, 3.9999999999999996, 0
86, 2.070196733620179, 0.32443444594063997, 3.9999999999999996, 0
87, 2.070196733620179, 0.32443444594063997, 3.9999999999999996, 0
89, 2.0032908083352843, 0.20041392305752276, 3.9999999999999996, 0
90, 2.0032908083352843, 0.20041392305752276, 3.9999999999999996, 0
92, 2.0032908083352843, 0.20041392305752276, 3.9999999999999996, 0
93, 2.0032908083352843, 0.20041392305752276, 3.9999999999999996, 0
95, 2.0032908083352843, 0.20041392305752276, 3.9999999999999996, 0
96, 2.0032908083352843, 0.20041392305752276, 3.9999999999999996, 0
98, 2.0032908083352843, 0.20041392305752276, 3.9999999999999996, 0
99, 2.0032908083352843, 0.20041392305752276, 3.9999999999999996, 0
101, 2.0032908083352843, 0.20041392305752276, 3.9999999999999996, 0
102, 2.0032908083352843, 0.20041392305752276, 3.9999999999999996, 0
103, 2.0032908083352843, 0.20041392305752276, 3.9999999999999996, 0
104, 2.0032908083352843, 0.20041392305752276, 3.9999999999999996, 0
106, 2.0032908083352843, 0.20041392305752276, 3.9999999999999996, 0
108, 2.0032908083352843, 0.20041392305752276, 3.9999999999999996, 0
109, 2.0032908083352843, 0.20041392305752276, 3.9999999999999996, 0
111, 2.0032908083352843, 0.20041392305752276, 3.9999999999999996, 0
112, 2.0032908083352843, 0.20041392305752276, 3.9999999999999996, 0
113, 2.0032908083352843, 0.20041392305752276, 3.9999999999999996, 0
115, 2.0032908083352843, 0.20041392305752276, 3.9999999999999996, 0
116, 2.0032908083352843, 0.20041392305752276, 3.9999999999999996, 0
117, 2.0032908083352843, 0.20041392305752276, 3.9999999999999996, 0
118, 2.0032908083352843, 0.20041392305752276, 3.9999999999999996, 0
119, 2.0032908083352843, 0.20041392305752276, 3.9999999999999996, 0
121, 2.0032908083352843, 0.20041392305752276, 3.9999999999999996, 0
122, 2.0032908083352843, 0.20041392305752276, 3.9999999999999996, 0
124, 2.0032908083352843, 0.20041392305752276, 3.9999999999999996, 0
126, 2.0032908083352843, 0.20041392305752276, 3.9999999999999996, 0
128, 2.0032908083352843, 0.20041392305752276, 3.9999999999999996, 0
129, 2.0032908083352843, 0.20041392305752276, 3.9999999999999996, 0
130, 2.0032908083352843, 0.20041392305752276, 3.9999999999999996, 0
131, 2.0032908083352843, 0.20041392305752276, 3.9999999999999996, 0
132, 2.0032908083352843, 0.20041392305752276, 3.9999999999999996, 0
133, 2.0032908083352843, 0.20041392305752276, 3.9999999999999996, 0
134, 2.0032908083352843, 0.20041392305752276, 3.9999999999999996, 0
135, 2.0032908083352843, 0.20041392305752276, 3.9999999999999996, 0
136, 2.0032908083352843, 0.20041392305752276, 3.9999999999999996, 0
137, 2.0032908083352843, 0.20041392305752276, 3.9999999999999996, 0
139, 2.0032908083352843, 0.20041392305752276, 3.9999999999999996, 0
140, 2.0032908083352843, 0.20041392305752276, 3.9999999999999996, 0
142, 2.0032908083352843, 0.20041392305752276, 3.9999999999999996, 0
143, 2.0032908083352843, 0.20041392305752276, 3.9999999999999996, 0
145, 2.0032908083352843, 0.20041392305752276, 3.9999999999999996, 0
147, 2.0032908083352843, 0.20041392305752276, 3.9999999999999996, 0
148, 2.0032908083352843, 0.20041392305752276, 3.9999999999999996, 0
149, 2.0032908083352843, 0.20041392305752276, 3.9999999999999996, 0
150, 2.0032908083352843, 0.20041392305752276, 3.9999999999999996, 0
151, 2.0032908083352843, 0.20041392305752276, 3.9999999999999996, 0
153, 2.0032908083352843, 0.20041392305752276, 3.9999999999999996, 0
154, 2.0032908083352843, 0.20041392305752276, 3.9999999999999996, 0
155, 2.0032908083352843, 0.20041392305752276, 3.9999999999999996, 0
157, 2.0032908083352843, 0.20041392305752276, 3.9999999999999996, 0
158, 2.0032908083352843, 0.20041392305752276, 3.9999999999999996, 0
159, 2.0032908083352843, 0.20041392305752276, 3.9999999999999996, 0
161, 2.0032908083352843, 0.20041392305752276, 3.9999999999999996, 0
163, 2.0032908083352843, 0.20041392305752276, 3.9999999999999996, 0
165, 2.0032908083352843, 0.20041392305752276, 3.9999999999999996, 0
167, 2.0032908083352843, 0.20041392305752276, 3.9999999999999996, 0
168, 2.0032908083352843, 0.20041392305752276, 3.9999999999999996, 0
170, 2.0032908083352843, 0.20041392305752276, 3.9999999999999996, 0
171, 2.0032908083352843, 0.20041392305752276, 3.9999999999999996, 0
172, 2.0032908083352843, 0.20041392305752276, 3.9999999999999996, 0
173, 2.0032908083352843, 0.20041392305752276, 3.9999999999999996, 0
175, 2.0032908083352843, 0.20041392305752276, 3.9999999999999996, 0
176, 2.0032908083352843, 0.20041392305752276, 3.9999999999999996, 0
177, 2.0032908083352843, 0.20041392305752276, 3.9999999999999996, 0
178, 2.0032908083352843, 0.20041392305752276, 3.9999999999999996, 0
180, 2.0032908083352843, 0.20041392305752276, 3.9999999999999996, 0
181, 2.0032908083352843, 0.20041392305752276, 3.9999999999999996, 0
182, 2.0032908083352843, 0.20041392305752276, 3.9999999999999996, 0
183, 2.0032908083352843, 0.20041392305752276, 3.9999999999999996, 0
184, 2.0032908083352843, 0.20041392305752276, 3.9999999999999996, 0
185, 2.0032908083352843, 0.20041392305752276, 3.9999999999999996, 0
186, 2.0032908083352843, 0.20041392305752276, 3.9999999999999996, 0
188, 2.0032908083352843, 0.20041392305752276, 3.9999999999999996, 0
189, 2.0032908083352843, 0.20041392305752276, 3.9999999999999996, 0
190, 2.0032908083352843, 0.20041392305752276, 3.9999999999999996, 0
191, 2.0032908083352843, 0.20041392305752276, 3.9999999999999996, 0
192, 2.0032908083352843, 0.20041392305752276, 3.9999999999999996, 0
193, 2.0032908083352843, 0.20041392305752276, 3.9999999999999996, 0
195, 2.0032908083352843, 0.20041392305752276, 3.9999999999999996, 0
196, 2.0032908083352843, 0.20041392305752276, 3.9999999999999996, 0
197, 2.0032908083352843, 0.20041392305752276, 3.9999999999999996, 0
198, 2.0032908083352843, 0.20041392305752276, 3.9999999999999996, 0
200, 2.0032908083352843, 0.20041392305752276, 3.9999999999999996, 0
201, 2.0032908083352843, 0.20041392305752276, 3.9999999999999996, 0
202, 2.0032908083352843, 0.20041392305752276, 3.9999999999999996, 0
204, 2.0032908083352843, 0.20041392305752276, 3.9999999999999996, 0
206, 2.0032908083352843, 0.20041392305752276, 3.9999999999999996, 0
207, 2.0032908083352843, 0.20041392305752276, 3.9999999999999996, 0
208, 2.0032908083352843, 0.20041392305752276, 3.9999999999999996, 0
209, 2.0032908083352843, 0.20041392305752276, 3.9999999999999996, 0
210, 2.0032908083352843, 0.20041392305752276, 3.9999999999999996, 0
211, 2.0032908083352843, 0.20041392305752276, 3.9999999999999996, 0
213, 2.0032908083352843, 0.20041392305752276, 3.9999999999999996, 0
214, 2.0032908083352843, 0.20041392305752276, 3.9999999999999996, 0
215, 2.0032908083352843, 0.20041392305752276, 3.9999999999999996, 0
216, 2.0032908083352843, 0.20041392305752276, 3.9999999999999996, 0
217, 2.0032908083352843, 0.20041392305752276, 3.9999999999999996, 0
218, 2.0032908083352843, 0.20041392305752276, 3.9999999999999996, 0
219, 2.0032908083352843, 0.20041392305752276, 3.9999999999999996, 0
220, 2.0032908083352843, 0.20041392305752276, 3.9999999999999996, 0
221, 2.0032908083352843, 0.20041392305752276, 3.9999999999999996, 0
222, 2.0032908083352843, 0.20041392305752276, 3.9999999999999996, 0
223, 2.0032908083352843, 0.20041392305752276, 3.9999999999999996, 0
224, 2.0032908083352843, 0.20041392305752276, 3.9999999999999996, 0
226, 2.0032908083352843, 0.20041392305752276, 3.9999999999999996, 0
227, 2.0032908083352843, 0.20041392305752276, 3.9999999999999996, 0
228, 2.0032908083352843, 0.20041392305752276, 3.9999999999999996, 0
229, 2.0032908083352843, 0.20041392305752276, 3.9999999999999996, 0
230, 2.0032908083352843, 0.20041392305752276, 3.9999999999999996, 0
232, 2.0032908083352843, 0.20041392305752276, 3.9999999999999996, 0
234, 2.0032908083352843, 0.20041392305752276, 3.9999999999999996, 0
236, 2.0032908083352843, 0.20041392305752276, 3.9999999999999996, 0
237, 1.9726688872655045, 0.11551156994734293, 3.9999999999999996, 0
238, 1.9726688872655045, 0.11551156994734293, 3.9999999999999996, 0
239, 1.9726688872655045, 0.11551156994734293, 3.9999999999999996, 0
240, 1.9726688872655045, 0.11551156994734293, 3.9999999999999996, 0
241, 1.9726688872655045, 0.11551156994734293, 3.9999999999999996, 0
242, 1.9726688872655045, 0.11551156994734293, 3.9999999999999996, 0
244, 1.9726688872655045, 0.11551156994734293, 3.9999999999999996, 0
245, 1.9726688872655045, 0.11551156994734293, 3.9999999999999996, 0
246, 1.9726688872655045, 0.11551156994734293, 3.9999999999999996, 0
247, 1.9726688872655045, 0.11551156994734293, 3.9999999999999996, 0
248, 1.9726688872655045, 0.11551156994734293, 3.9999999999999996, 0
249, 1.9726688872655045, 0.11551156994734293, 3.9999999999999996, 0
250, 1.9726688872655045, 0.11551156994734293, 3.9999999999999996, 0
251, 1.9726688872655045, 0.11551156994734293, 3.9999999999999996, 0
252, 1.9726688872655045, 0.11551156994734293, 3.9999999999999996, 0
253, 1.9726688872655045, 0.11551156994734293, 3.9999999999999996, 0
255, 1.9726688872655045, 0.11551156994734293, 3.9999999999999996, 0
256, 1.9726688872655045, 0.11551156994734293, 3.9999999999999996, 0
257, 1.9726688872655045, 0.11551156994734293, 3.9999999999999996, 0
258, 1.9726688872655045, 0.11551156994734293, 3.9999999999999996, 0
259, 1.9726688872655045, 0.11551156994734293, 3.9999999999999996, 0
260, 1.9726688872655045, 0.11551156994734293, 3.9999999999999996, 0
261, 1.9726688872655045, 0.11551156994734293, 3.9999999999999996, 0
262, 1.9726688872655045, 0.11551156994734293, 3.9999999999999996, 0
263, 1.9726688872655045, 0.11551156994734293, 3.9999999999999996, 0
264, 1.9606661782903052, 0.04058122098024582, 3.9999999999999996, 1
265, 1.9606661782903052, 0.04058122098024582, 3.9999999999999996, 1
266, 1.9606661782903052, 0.04058122098024582, 3.9999999999999996, 1
267, 1.9606661782903052, 0.04058122098024582, 3.9999999999999996, 1
268, 1.9606661782903052, 0.04058122098024582, 3.9999999999999996, 1
269, 1.9606661782903052, 0.04058122098024582, 3.9999999999999996, 1
270, 1.9606661782903052, 0.04058122098024582, 3.9999999999999996, 1
271, 1.9606661782903052, 0.04058122098024582, 3.9999999999999996, 1
272, 1.9606661782903052, 0.04058122098024582, 3.9999999999999996, 1
274, 1.9606661782903052, 0.04058122098024582, 3.9999999999999996, 1
275, 1.9606661782903052, 0.04058122098024582, 3.9999999999999996, 1
277, 1.9606661782903052, 0.04058122098024582, 3.9999999999999996, 1
278, 1.9606661782903052, 0.04058122098024582, 3.9999999999999996, 1
279, 1.9606661782903052, 0.04058122098024582, 3.9999999999999996, 1
280, 1.9606661782903052, 0.04058122098024582, 3.9999999999999996, 1
281, 1.9606661782903052, 0.04058122098024582, 3.9999999999999996, 1
283, 1.9606661782903052, 0.04058122098024582, 3.9999999999999996, 1
284, 1.9606661782903052, 0.04058122098024582, 3.9999999999999996, 1
286, 1.9606661782903052, 0.04058122098024582, 3.9999999999999996, 1
288, 1.9606661782903052, 0.04058122098024582, 3.9999999999999996, 1
289, 1.9606661782903052, 0.04058122098024582, 3.9999999999999996, 1
291, 1.9606661782903052, 0.04058122098024582, 3.9999999999999996, 1
292, 1.9606661782903052, 0.04058122098024582, 3.9999999999999996, 1
293, 1.9606661782903052, 0.04058122098024582, 3.9999999999999996, 1
294, 1.9606661782903052, 0.04058122098024582, 3.9999999999999996, 1
295, 1.9606661782903052, 0.04058122098024582, 3.9999999999999996, 1
296, 1.9606661782903052, 0.04058122098024582, 3.9999999999999996, 1
297, 1.9606661782903052, 0.04058122098024582, 3.9999999999999996, 1
298, 1.9606661782903052, 0.04058122098024582, 3.9999999999999996, 1
299, 1.9606661782903052, 0.04058122098024582, 3.9999999999999996, 1
300, 1.9606661782903052, 0.04058122098024582, 3.9999999999999996, 1
301, 1.9606661782903052, 0.04058122098024582, 3.9999999999999996, 1
302, 1.9606661782903052, 0.04058122098024582, 3.9999999999999996, 1
303, 1.9606661782903052, 0.04058122098024582, 3.9999999999999996, 1
304, 1.9606661782903052, 0.04058122098024582, 3.9999999999999996, 1
305, 1.9606661782903052, 0.04058122098024582, 3.9999999999999996, 1
306, 1.9606661782903052, 0.04058122098024582, 3.9999999999999996, 1
307, 1.9606661782903052, 0.04058122098024582, 3.9999999999999996, 1
308, 1.9606661782903052, 0.04058122098024582, 3.9999999999999996, 1
309, 1.9606661782903052, 0.04058122098024582, 3.9999999999999996, 1
310, 1.9606661782903052, 0.04058122098024582, 3.9999999999999996, 1
311, 1.9606661782903052, 0.04058122098024582, 3.9999999999999996, 1
312, 1.9606661782903052, 0.04058122098024582, 3.9999999999999996, 1
313, 1.9606661782903052, 0.04058122098024582, 3.9999999999999996, 1
314, 1.9606661782903052, 0.04058122098024582, 3.9999999999999996, 1
315, 1.9606661782903052, 0.04058122098024582, 3.9999999999999996, 1
316, 1.9606661782903052, 0.04058122098024582, 3.9999999999999996, 1
317, 1.9606661782903052, 0.04058122098024582, 3.9999999999999996, 1
318, 1.9606661782903052, 0.04058122098024582, 3.9999999999999996, 1
320, 1.9606661782903052, 0.04058122098024582, 3.9999999999999996, 1
322, 1.9606661782903052, 0.04058122098024582, 3.9999999999999996, 1
323, 1.9606661782903052, 0.04058122098024582, 3.9999999999999996, 1
324, 1.9606661782903052, 0.04058122098024582, 3.9999999999999996, 1
325, 1.9606661782903052, 0.04058122098024582, 3.9999999999999996, 1
326, 1.9606661782903052, 0.04058122098024582, 3.9999999999999996, 1
327, 1.9606661782903052, 0.04058122098024582, 3.9999999999999996, 1
328, 1.9606661782903052, 0.04058122098024582, 3.9999999999999996, 1
329, 1.9606661782903052, 0.04058122098024582, 3.9999999999999996, 1
330, 1.9606661782903052, 0.04058122098024582, 3.9999999999999996, 1
332, 1.9606661782903052, 0.04058122098024582, 3.9999999999999996, 1
333, 1.9606661782903052, 0.04058122098024582, 3.9999999999999996, 1
334, 1.9606661782903052, 0.04058122098024582, 3.9999999999999996, 1
335, 1.9606661782903052, 0.04058122098024582, 3.9999999999999996, 1
336, 1.9606661782903052, 0.04058122098024582, 3.9999999999999996, 1
337, 1.9606661782903052, 0.04058122098024582, 3.9999999999999996, 1
338, 1.9606661782903052, 0.04058122098024582, 3.9999999999999996, 1
339, 1.9606661782903052, 0.04058122098024582, 3.9999999999999996, 1
340, 1.9606661782903052, 0.04058122098024582, 3.9999999999999996, 1
341, 1.9606661782903052, 0.04058122098024582, 3.9999999999999996, 1
343, 1.9606661782903052, 0.04058122098024582, 3.9999999999999996, 1
344, 1.9606661782903052, 0.04058122098024582, 3.9999999999999996, 1
346, 1.9606661782903052, 0.04058122098024582, 3.9999999999999996, 1
348, 1.9606661782903052, 0.04058122098024582, 3.9999999999999996, 1
349, 1.9606661782903052, 0.04058122098024582, 3.9999999999999996, 1
350, 1.9606661782903052, 0.04058122098024582, 3.9999999999999996, 1
351, 1.9606661782903052, 0.04058122098024582, 3.9999999999999996, 1
352, 1.9606661782903052, 0.04058122098024582, 3.9999999999999996, 1
353, 1.9606661782903052, 0.04058122098024582, 3.9999999999999996, 1
354, 1.9606661782903052, 0.04058122098024582, 3.9999999999999996, 1
355, 1.9606661782903052, 0.04058122098024582, 3.9999999999999996, 1
356, 1.9606661782903052, 0.04058122098024582, 3.9999999999999996, 1
357, 1.9606661782903052, 0.04058122098024582, 3.9999999999999996, 1
358, 1.9606661782903052, 0.04058122098024582, 3.9999999999999996, 1
359, 1.9606661782903052, 0.04058122098024582, 3.9999999999999996, 1
360, 1.9606661782903052, 0.04058122098024582, 3.9999999999999996, 1
361, 1.9606661782903052, 0.04058122098024582, 3.9999999999999996, 1
362, 1.9606661782903052, 0.04058122098024582, 3.9999999999999996, 1
363, 1.9606661782903052, 0.04058122098024582, 3.9999999999999996, 1
364, 1.9606661782903052, 0.04058122098024582, 3.9999999999999996, 1
365, 1.9606661782903052, 0.04058122098024582, 3.9999999999999996, 1
366, 1.9606661782903052, 0.04058122098024582, 3.9999999999999996, 1
367, 1.9606661782903052, 0.04058122098024582, 3.9999999999999996, 1
368, 1.9606661782903052, 0.04058122098024582, 3.9999999999999996, 1
370, 1.9606661782903052, 0.04058122098024582, 3.9999999999999996, 1
371, 1.9606661782903052, 0.04058122098024582, 3.9999999999999996, 1
372, 1.9606661782903052, 0.04058122098024582, 3.9999999999999996, 1
374, 1.9606661782903052, 0.04058122098024582, 3.9999999999999996, 1
375, 1.9606661782903052, 0.04058122098024582, 3.9999999999999996, 1
376, 1.9606661782903052, 0.04058122098024582, 3.9999999999999996, 1
377, 1.9606661782903052, 0.04058122098024582, 3.9999999999999996, 1
378, 1.9606661782903052, 0.04058122098024582, 3.9999999999999996, 1
379, 1.9606661782903052, 0.04058122098024582, 3.9999999999999996, 1
380, 1.9606661782903052, 0.04058122098024582, 3.9999999999999996, 1
381, 1.9424022687724525, 0.06295732360424748, 3.9999999999999996, 1
382, 1.9424022687724525, 0.06295732360424748, 3.9999999999999996, 1
383, 1.9424022687724525, 0.06295732360424748, 3.9999999999999996, 1
384, 1.9424022687724525, 0.06295732360424748, 3.9999999999999996, 1
385, 1.9424022687724525, 0.06295732360424748, 3.9999999999999996, 1
387, 1.9424022687724525, 0.06295732360424748, 3.9999999999999996, 1
388, 1.9424022687724525, 0.06295732360424748, 3.9999999999999996, 1
389, 1.9424022687724525, 0.06295732360424748, 3.9999999999999996, 1
390, 1.9424022687724525, 0.06295732360424748, 3.9999999999999996, 1
391, 1.9424022687724525, 0.06295732360424748, 3.9999999999999996, 1
392, 1.9424022687724525, 0.06295732360424748, 3.9999999999999996, 1
393, 1.9424022687724525, 0.06295732360424748, 3.9999999999999996, 1
394, 1.9424022687724525, 0.06295732360424748, 3.9999999999999996, 1
395, 1.9424022687724525, 0.06295732360424748, 3.9999999999999996, 1
396, 1.9424022687724525, 0.06295732360424748, 3.9999999999999996, 1
397, 1.9424022687724525, 0.06295732360424748, 3.9999999999999996, 1
398, 1.9424022687724525, 0.06295732360424748, 3.9999999999999996, 1
399, 1.9424022687724525, 0.06295732360424748, 3.9999999999999996, 1
400, 1.9424022687724525, 0.06295732360424748, 3.9999999999999996, 1
401, 1.9424022687724525, 0.06295732360424748, 3.9999999999999996, 1
402, 1.9424022687724525, 0.06295732360424748, 3.9999999999999996, 1
403, 1.9424022687724525, 0.06295732360424748, 3.9999999999999996, 1
404, 1.9424022687724525, 0.06295732360424748, 3.9999999999999996, 1
405, 1.9424022687724525, 0.06295732360424748, 3.9999999999999996, 1
406, 1.9424022687724525, 0.06295732360424748, 3.9999999999999996, 1
407, 1.9424022687724525, 0.06295732360424748, 3.9999999999999996, 1
408, 1.9424022687724525, 0.06295732360424748, 3.9999999999999996, 1
409, 1.9424022687724525, 0.06295732360424748, 3.9999999999999996, 1
410, 1.9424022687724525, 0.06295732360424748, 3.9999999999999996, 1
411, 1.9424022687724525, 0.06295732360424748, 3.9999999999999996, 1
412, 1.9424022687724525, 0.06295732360424748, 3.9999999999999996, 1
413, 1.9424022687724525, 0.06295732360424748, 3.9999999999999996, 1
414, 1.9424022687724525, 0.06295732360424748, 3.9999999999999996, 1
415, 1.9424022687724525, 0.06295732360424748, 3.9999999999999996, 1
416, 1.9424022687724525, 0.06295732360424748, 3.9999999999999996, 1
417, 1.9424022687724525, 0.06295732360424748, 3.9999999999999996, 1
418, 1.9424022687724525, 0.06295732360424748, 3.9999999999999996, 1
419, 1.9424022687724525, 0.06295732360424748, 3.9999999999999996, 1
420, 1.9424022687724525, 0.06295732360424748, 3.9999999999999996, 1
421, 1.9424022687724525, 0.06295732360424748, 3.9999999999999996, 1
422, 1.9424022687724525, 0.06295732360424748, 3.9999999999999996, 1
423, 1.9424022687724525, 0.06295732360424748, 3.9999999999999996, 1
424, 1.9424022687724525, 0.06295732360424748, 3.9999999999999996, 1
425, 1.9424022687724525, 0.06295732360424748, 3.9999999999999996, 1
426, 1.9424022687724525, 0.06295732360424748, 3.9999999999999996, 1
428, 1.9424022687724525, 0.06295732360424748, 3.9999999999999996, 1
429, 1.9424022687724525, 0.06295732360424748, 3.9999999999999996, 1
430, 1.9424022687724525, 0.06295732360424748, 3.9999999999999996, 1
432, 1.9424022687724525, 0.06295732360424748, 3.9999999999999996, 1
433, 1.9424022687724525, 0.06295732360424748, 3.9999999999999996, 1
434, 1.9424022687724525, 0.06295732360424748, 3.9999999999999996, 1
435, 1.9424022687724525, 0.06295732360424748, 3.9999999999999996, 1
436, 1.9424022687724525, 0.06295732360424748, 3.9999999999999996, 1
437, 1.9424022687724525, 0.06295732360424748, 3.9999999999999996, 1
438, 1.9424022687724525, 0.06295732360424748, 3.9999999999999996, 1
440, 1.9424022687724525, 0.06295732360424748, 3.9999999999999996, 1
441, 1.9424022687724525, 0.06295732360424748, 3.9999999999999996, 1
442, 1.9424022687724525, 0.06295732360424748, 3.9999999999999996, 1
443, 1.9424022687724525, 0.06295732360424748, 3.9999999999999996, 1
444, 1.9424022687724525, 0.06295732360424748, 3.9999999999999996, 1
445, 1.9424022687724525, 0.06295732360424748, 3.9999999999999996, 1
446, 1.9424022687724525, 0.06295732360424748, 3.9999999999999996, 1
447, 1.9424022687724525, 0.06295732360424748, 3.9999999999999996, 1
448, 1.9424022687724525, 0.06295732360424748, 3.9999999999999996, 1
449, 1.9424022687724525, 0.06295732360424748, 3.9999999999999996, 1
450, 1.9424022687724525, 0.06295732360424748, 3.9999999999999996, 1
452, 1.9424022687724525, 0.06295732360424748, 3.9999999999999996, 1
453, 1.9424022687724525, 0.06295732360424748, 3.9999999999999996, 1
454, 1.9424022687724525, 0.06295732360424748, 3.9999999999999996, 1
455, 1.9424022687724525, 0.06295732360424748, 3.9999999999999996, 1
456, 1.9424022687724525, 0.06295732360424748, 3.9999999999999996, 1
457, 1.9424022687724525, 0.06295732360424748, 3.9999999999999996, 1
458, 1.9424022687724525, 0.06295732360424748, 3.9999999999999996, 1
459, 1.9424022687724525, 0.06295732360424748, 3.9999999999999996, 1
460, 1.9424022687724525, 0.06295732360424748, 3.9999999999999996, 1
461, 1.9424022687724525, 0.06295732360424748, 3.9999999999999996, 1
462, 1.9424022687724525, 0.06295732360424748, 3.9999999999999996, 1
463, 1.9424022687724525, 0.06295732360424748, 3.9999999999999996, 1
464, 1.9424022687724525, 0.06295732360424748, 3.9999999999999996, 1
465, 1.9424022687724525, 0.06295732360424748, 3.9999999999999996, 1
466, 1.9424022687724525, 0.06295732360424748, 3.9999999999999996, 1
467, 1.9424022687724525, 0.06295732360424748, 3.9999999999999996, 1
468, 1.9424022687724525, 0.06295732360424748, 3.9999999999999996, 1
469, 1.9424022687724525, 0.06295732360424748, 3.9999999999999996, 1
470, 1.9424022687724525, 0.06295732360424748, 3.9999999999999996, 1
471, 1.9424022687724525, 0.06295732360424748, 3.9999999999999996, 1
472, 1.9424022687724525, 0.06295732360424748, 3.9999999999999996, 1
473, 1.9424022687724525, 0.06295732360424748, 3.9999999999999996, 1
474, 1.9424022687724525, 0.06295732360424748, 3.9999999999999996, 1
475, 1.9424022687724525, 0.06295732360424748, 3.9999999999999996, 1
476, 1.9424022687724525, 0.06295732360424748, 3.9999999999999996, 1
477, 1.9424022687724525, 0.06295732360424748, 3.9999999999999996, 1
478, 1.9424022687724525, 0.06295732360424748, 3.9999999999999996, 1
479, 1.9424022687724525, 0.06295732360424748, 3.9999999999999996, 1
480, 1.9424022687724525, 0.06295732360424748, 3.9999999999999996, 1
481, 1.9424022687724525, 0.06295732360424748, 3.9999999999999996, 1
482, 1.9424022687724525, 0.06295732360424748, 3.9999999999999996, 1
483, 1.9424022687724525, 0.06295732360424748, 3.9999999999999996, 1
484, 1.9424022687724525, 0.06295732360424748, 3.9999999999999996, 1
485, 1.9424022687724525, 0.06295732360424748, 3.9999999999999996, 1
486, 1.9424022687724525, 0.06295732360424748, 3.9999999999999996, 1
487, 1.9424022687724525, 0.06295732360424748, 3.9999999999999996, 1
489, 1.9424022687724525, 0.06295732360424748, 3.9999999999999996, 1
490, 1.9424022687724525, 0.06295732360424748, 3.9999999999999996, 1
491, 1.9424022687724525, 0.06295732360424748, 3.9999999999999996, 1
492, 1.9424022687724525, 0.06295732360424748, 3.9999999999999996, 1
493, 1.9424022687724525, 0.06295732360424748, 3.9999999999999996, 1
494, 1.9424022687724525, 0.06295732360424748, 3.9999999999999996, 1
495, 1.9424022687724525, 0.06295732360424748, 3.9999999999999996, 1
496, 1.9424022687724525, 0.06295732360424748, 3.9999999999999996, 1
498, 1.9424022687724525, 0.06295732360424748, 3.9999999999999996, 1
499, 1.9424022687724525, 0.06295732360424748, 3.9999999999999996, 1
500, 1.9424022687724525, 0.06295732360424748, 3.9999999999999996, 1
501, 1.9424022687724525, 0.06295732360424748, 3.9999999999999996, 1
