evals, mean, best, worst, success num
1, 3.573283637244566, 2.9580760072900714, 3.9999999999999996, 0
2, 3.573283637244566, 2.9580760072900714, 3.9999999999999996, 0
3, 3.573283637244566, 2.9580760072900714, 3.9999999999999996, 0
4, 1.8557808852098026, 0.2732590685645754, 3.376954847359708, 0
5, 1.8557808852098026, 0.2732590685645754, 3.376954847359708, 0
6, 1.8557808852098026, 0.2732590685645754, 3.376954847359708, 0
7, 1.8557808852098026, 0.2732590685645754, 3.376954847359708, 0
8, 1.8557808852098026, 0.2732590685645754, 3.376954847359708, 0
9, 1.8557808852098026, 0.2732590685645754, 3.376954847359708, 0
10, 1.8557808852098026, 0.2732590685645754, 3.376954847359708, 0
11, 1.8557808852098026, 0.2732590685645754, 3.376954847359708, 0
12, 1.8557808852098026, 0.2732590685645754, 3.376954847359708, 0
13, 1.8557808852098026, 0.2732590685645754, 3.376954847359708, 0
14, 1.8557808852098026, 0.2732590685645754, 3.376954847359708, 0
15, 1.8557808852098026, 0.2732590685645754, 3.376954847359708, 0
16, 1.8557808852098026, 0.2732590685645754, 3.376954847359708, 0
17, 1.8557808852098026, 0.2732590685645754, 3.376954847359708, 0
18, 1.8557808852098026, 0.2732590685645754, 3.376954847359708, 0
19, 1.8557808852098026, 0.2732590685645754, 3.376954847359708, 0
20, 1.8557808852098026, 0.2732590685645754, 3.376954847359708, 0
21, 1.8557808852098026, 0.2732590685645754, 3.376954847359708, 0
22, 1.8557808852098026, 0.2732590685645754, 3.376954847359708, 0
23, 1.8557808852098026, 0.2732590685645754, 3.376954847359708, 0
24, 1.8557808852098026, 0.2732590685645754, 3.376954847359708, 0
25, 1.8557808852098026, 0.2732590685645754, 3.376954847359708, 0
26, 1.8557808852098026, 0.2732590685645754, 3.376954847359708, 0
27, 1.8557808852098026, 0.2732590685645754, 3.376954847359708, 0
28, 1.8557808852098026, 0.2732590685645754, 3.376954847359708, 0
29, 1.8557808852098026, 0.2732590685645754, 3.376954847359708, 0
30, 1.8557808852098026, 0.2732590685645754, 3.376954847359708, 0
31, 1.8557808852098026, 0.2732590685645754, 3.376954847359708, 0
32, 1.8557808852098026, 0.2732590685645754, 3.376954847359708, 0
33, 1.8557808852098026, 0.2732590685645754, 3.376954847359708, 0
34, 1.8557808852098026, 0.2732590685645754, 3.376954847359708, 0
35, 1.8557808852098026, 0.2732590685645754, 3.376954847359708, 0
36, 1.8557808852098026, 0.2732590685645754, 3.376954847359708, 0
37, 1.8557808852098026, 0.2732590685645754, 3.376954847359708, 0
38, 1.8557808852098026, 0.2732590685645754, 3.376954847359708, 0
39, 1.8557808852098026, 0.2732590685645754, 3.376954847359708, 0
40, 1.8557808852098026, 0.2732590685645754, 3.376954847359708, 0
41, 1.8557808852098026, 0.2732590685645754, 3.376954847359708, 0
42, 1.8557808852098026, 0.2732590685645754, 3.376954847359708, 0
43, 1.8557808852098026, 0.2732590685645754, 3.376954847359708, 0
44, 1.8557808852098026, 0.2732590685645754, 3.376954847359708, 0
45, 1.8557808852098026, 0.2732590685645754, 3.376954847359708, 0
46, 1.8557808852098026, 0.2732590685645754, 3.376954847359708, 0
47, 1.8557808852098026, 0.2732590685645754, 3.376954847359708, 0
48, 1.8557808852098026, 0.2732590685645754, 3.376954847359708, 0
49, 1.8557808852098026, 0.2732590685645754, 3.376954847359708, 0
50, 1.8557808852098026, 0.2732590685645754, 3.376954847359708, 0
51, 1.8557808852098026, 0.2732590685645754, 3.376954847359708, 0
52, 1.8557808852098026, 0.2732590685645754, 3.376954847359708, 0
53, 1.8557808852098026, 0.2732590685645754, 3.376954847359708, 0
54, 1.8557808852098026, 0.2732590685645754, 3.376954847359708, 0
55, 1.8557808852098026, 0.2732590685645754, 3.376954847359708, 0
56, 1.8557808852098026, 0.2732590685645754, 3.376954847359708, 0
57, 1.8557808852098026, 0.2732590685645754, 3.376954847359708, 0
58, 1.8557808852098026, 0.2732590685645754, 3.376954847359708, 0
59, 1.8557808852098026, 0.2732590685645754, 3.376954847359708, 0
60, 1.8557808852098026, 0.2732590685645754, 3.376954847359708, 0
61, 1.8557808852098026, 0.2732590685645754, 3.376954847359708, 0
62, 1.8557808852098026, 0.2732590685645754, 3.376954847359708, 0
63, 1.8557808852098026, 0.2732590685645754, 3.376954847359708, 0
64, 1.8557808852098026, 0.2732590685645754, 3.376954847359708, 0
65, 1.8557808852098026, 0.2732590685645754, 3.376954847359708, 0
66, 1.8557808852098026, 0.2732590685645754, 3.376954847359708, 0
67, 1.8557808852098026, 0.2732590685645754, 3.376954847359708, 0
68, 1.8557808852098026, 0.2732590685645754, 3.376954847359708, 0
69, 1.8557808852098026, 0.2732590685645754, 3.376954847359708, 0
70, 1.8557808852098026, 0.2732590685645754, 3.376954847359708, 0
71, 1.8557808852098026, 0.2732590685645754, 3.376954847359708, 0
72, 1.8557808852098026, 0.2732590685645754, 3.376954847359708, 0
73, 1.8557808852098026, 0.2732590685645754, 3.376954847359708, 0
74, 1.8557808852098026, 0.2732590685645754, 3.376954847359708, 0
75, 1.8557808852098026, 0.2732590685645754, 3.376954847359708, 0
76, 1.8557808852098026, 0.2732590685645754, 3.376954847359708, 0
77, 1.8557808852098026, 0.2732590685645754, 3.376954847359708, 0
78, 1.8557808852098026, 0.2732590685645754, 3.376954847359708, 0
79, 1.8557808852098026, 0.2732590685645754, 3.376954847359708, 0
80, 1.8557808852098026, 0.2732590685645754, 3.376954847359708, 0
81, 1.8557808852098026, 0.2732590685645754, 3.376954847359708, 0
82, 1.8557808852098026, 0.2732590685645754, 3.376954847359708, 0
83, 1.8557808852098026, 0.2732590685645754, 3.376954847359708, 0
84, 1.8557808852098026, 0.2732590685645754, 3.376954847359708, 0
85, 1.8557808852098026, 0.2732590685645754, 3.376954847359708, 0
86, 1.8557808852098026, 0.2732590685645754, 3.376954847359708, 0
87, 1.8557808852098026, 0.2732590685645754, 3.376954847359708, 0
88, 1.8557808852098026, 0.2732590685645754, 3.376954847359708, 0
89, 1.8557808852098026, 0.2732590685645754, 3.376954847359708, 0
90, 1.8557808852098026, 0.2732590685645754, 3.376954847359708, 0
91, 1.8557808852098026, 0.2732590685645754, 3.376954847359708, 0
92, 1.8557808852098026, 0.2732590685645754, 3.376954847359708, 0
93, 1.8557808852098026, 0.2732590685645754, 3.376954847359708, 0
94, 1.8557808852098026, 0.2732590685645754, 3.376954847359708, 0
95, 1.8557808852098026, 0.2732590685645754, 3.376954847359708, 0
96, 1.8557808852098026, 0.2732590685645754, 3.376954847359708, 0
97, 1.8557808852098026, 0.2732590685645754, 3.376954847359708, 0
98, 1.8557808852098026, 0.2732590685645754, 3.376954847359708, 0
99, 1.8557808852098026, 0.2732590685645754, 3.376954847359708, 0
100, 1.8557808852098026, 0.2732590685645754, 3.376954847359708, 0
101, 1.8557808852098026, 0.2732590685645754, 3.376954847359708, 0
102, 1.8557808852098026, 0.2732590685645754, 3.376954847359708, 0
103, 1.8557808852098026, 0.2732590685645754, 3.376954847359708, 0
104, 1.8557808852098026, 0.2732590685645754, 3.376954847359708, 0
105, 1.8557808852098026, 0.2732590685645754, 3.376954847359708, 0
106, 1.8557808852098026, 0.2732590685645754, 3.376954847359708, 0
107, 1.8557808852098026, 0.2732590685645754, 3.376954847359708, 0
108, 1.8557808852098026, 0.2732590685645754, 3.376954847359708, 0
109, 1.8557808852098026, 0.2732590685645754, 3.376954847359708, 0
110, 1.8557808852098026, 0.2732590685645754, 3.376954847359708, 0
111, 1.8557808852098026, 0.2732590685645754, 3.376954847359708, 0
112, 1.8557808852098026, 0.2732590685645754, 3.376954847359708, 0
113, 1.8557808852098026, 0.2732590685645754, 3.376954847359708, 0
114, 1.8557808852098026, 0.2732590685645754, 3.376954847359708, 0
115, 1.8557808852098026, 0.2732590685645754, 3.376954847359708, 0
116, 1.8557808852098026, 0.2732590685645754, 3.376954847359708, 0
117, 1.8557808852098026, 0.2732590685645754, 3.376954847359708, 0
118, 1.8557808852098026, 0.2732590685645754, 3.376954847359708, 0
119, 1.8557808852098026, 0.2732590685645754, 3.376954847359708, 0
120, 1.8557808852098026, 0.2732590685645754, 3.376954847359708, 0
121, 1.8557808852098026, 0.2732590685645754, 3.376954847359708, 0
122, 1.8557808852098026, 0.2732590685645754, 3.376954847359708, 0
123, 1.8557808852098026, 0.2732590685645754, 3.376954847359708, 0
124, 1.8557808852098026, 0.2732590685645754, 3.376954847359708, 0
125, 1.8557808852098026, 0.2732590685645754, 3.376954847359708, 0
126, 1.8557808852098026, 0.2732590685645754, 3.376954847359708, 0
127, 1.8557808852098026, 0.2732590685645754, 3.376954847359708, 0
128, 1.8557808852098026, 0.2732590685645754, 3.376954847359708, 0
129, 1.8557808852098026, 0.2732590685645754, 3.376954847359708, 0
130, 1.8557808852098026, 0.2732590685645754, 3.376954847359708, 0
131, 1.8557808852098026, 0.2732590685645754, 3.376954847359708, 0
132, 1.8557808852098026, 0.2732590685645754, 3.376954847359708, 0
133, 1.8557808852098026, 0.2732590685645754, 3.376954847359708, 0
134, 1.8557808852098026, 0.2732590685645754, 3.376954847359708, 0
135, 1.8557808852098026, 0.2732590685645754, 3.376954847359708, 0
136, 1.8557808852098026, 0.2732590685645754, 3.376954847359708, 0
137, 1.8557808852098026, 0.2732590685645754, 3.376954847359708, 0
138, 1.8557808852098026, 0.2732590685645754, 3.376954847359708, 0
139, 1.8557808852098026, 0.2732590685645754, 3.376954847359708, 0
140, 1.8557808852098026, 0.2732590685645754, 3.376954847359708, 0
141, 1.8557808852098026, 0.2732590685645754, 3.376954847359708, 0
142, 1.8557808852098026, 0.2732590685645754, 3.376954847359708, 0
143, 1.8557808852098026, 0.2732590685645754, 3.376954847359708, 0
144, 1.8557808852098026, 0.2732590685645754, 3.376954847359708, 0
145, 1.8557808852098026, 0.2732590685645754, 3.376954847359708, 0
146, 1.8557808852098026, 0.2732590685645754, 3.376954847359708, 0
147, 1.8557808852098026, 0.2732590685645754, 3.376954847359708, 0
148, 1.8557808852098026, 0.2732590685645754, 3.376954847359708, 0
149, 1.8557808852098026, 0.2732590685645754, 3.376954847359708, 0
150, 1.8557808852098026, 0.2732590685645754, 3.376954847359708, 0
151, 1.8557808852098026, 0.2732590685645754, 3.376954847359708, 0
152, 1.8557808852098026, 0.2732590685645754, 3.376954847359708, 0
153, 1.8557808852098026, 0.2732590685645754, 3.376954847359708, 0
154, 1.8557808852098026, 0.2732590685645754, 3.376954847359708, 0
155, 1.8557808852098026, 0.2732590685645754, 3.376954847359708, 0
156, 1.8557808852098026, 0.2732590685645754, 3.376954847359708, 0
157, 1.8557808852098026, 0.2732590685645754, 3.376954847359708, 0
158, 1.8557808852098026, 0.2732590685645754, 3.376954847359708, 0
159, 1.8557808852098026, 0.2732590685645754, 3.376954847359708, 0
160, 1.8557808852098026, 0.2732590685645754, 3.376954847359708, 0
161, 1.8557808852098026, 0.2732590685645754, 3.376954847359708, 0
162, 1.8557808852098026, 0.2732590685645754, 3.376954847359708, 0
163, 1.8557808852098026, 0.2732590685645754, 3.376954847359708, 0
164, 1.8557808852098026, 0.2732590685645754, 3.376954847359708, 0
165, 1.8557808852098026, 0.2732590685645754, 3.376954847359708, 0
166, 1.8557808852098026, 0.2732590685645754, 3.376954847359708, 0
167, 1.8557808852098026, 0.2732590685645754, 3.376954847359708, 0
168, 1.8557808852098026, 0.2732590685645754, 3.376954847359708, 0
169, 1.8557808852098026, 0.2732590685645754, 3.376954847359708, 0
170, 1.8557808852098026, 0.2732590685645754, 3.376954847359708, 0
171, 1.8557808852098026, 0.2732590685645754, 3.376954847359708, 0
172, 1.8557808852098026, 0.2732590685645754, 3.376954847359708, 0
173, 1.8557808852098026, 0.2732590685645754, 3.376954847359708, 0
174, 1.8557808852098026, 0.2732590685645754, 3.376954847359708, 0
175, 1.8557808852098026, 0.2732590685645754, 3.376954847359708, 0
176, 1.8557808852098026, 0.2732590685645754, 3.376954847359708, 0
177, 1.8557808852098026, 0.2732590685645754, 3.376954847359708, 0
178, 1.8557808852098026, 0.2732590685645754, 3.376954847359708, 0
179, 1.8557808852098026, 0.2732590685645754, 3.376954847359708, 0
180, 1.8557808852098026, 0.2732590685645754, 3.376954847359708, 0
181, 1.8557808852098026, 0.2732590685645754, 3.376954847359708, 0
182, 1.8557808852098026, 0.2732590685645754, 3.376954847359708, 0
183, 1.8557808852098026, 0.2732590685645754, 3.376954847359708, 0
184, 1.8557808852098026, 0.2732590685645754, 3.376954847359708, 0
185, 1.8557808852098026, 0.2732590685645754, 3.376954847359708, 0
186, 1.8557808852098026, 0.2732590685645754, 3.376954847359708, 0
187, 1.8557808852098026, 0.2732590685645754, 3.376954847359708, 0
188, 1.8557808852098026, 0.2732590685645754, 3.376954847359708, 0
189, 1.8557808852098026, 0.2732590685645754, 3.376954847359708, 0
190, 1.8557808852098026, 0.2732590685645754, 3.376954847359708, 0
191, 1.8557808852098026, 0.2732590685645754, 3.376954847359708, 0
192, 1.8557808852098026, 0.2732590685645754, 3.376954847359708, 0
193, 1.8557808852098026, 0.2732590685645754, 3.376954847359708, 0
194, 1.8557808852098026, 0.2732590685645754, 3.376954847359708, 0
195, 1.8557808852098026, 0.2732590685645754, 3.376954847359708, 0
196, 1.8557808852098026, 0.2732590685645754, 3.376954847359708, 0
197, 1.8557808852098026, 0.2732590685645754, 3.376954847359708, 0
198, 1.8557808852098026, 0.2732590685645754, 3.376954847359708, 0
199, 1.8557808852098026, 0.2732590685645754, 3.376954847359708, 0
200, 1.8557808852098026, 0.2732590685645754, 3.376954847359708, 0
201, 1.8557808852098026, 0.2732590685645754, 3.376954847359708, 0
202, 1.8557808852098026, 0.2732590685645754, 3.376954847359708, 0
203, 1.8557808852098026, 0.2732590685645754, 3.376954847359708, 0
204, 1.8557808852098026, 0.2732590685645754, 3.376954847359708, 0
205, 1.8557808852098026, 0.2732590685645754, 3.376954847359708, 0
206, 1.8557808852098026, 0.2732590685645754, 3.376954847359708, 0
207, 1.8557808852098026, 0.2732590685645754, 3.376954847359708, 0
208, 1.8557808852098026, 0.2732590685645754, 3.376954847359708, 0
209, 1.8557808852098026, 0.2732590685645754, 3.376954847359708, 0
210, 1.8557808852098026, 0.2732590685645754, 3.376954847359708, 0
211, 1.8557808852098026, 0.2732590685645754, 3.376954847359708, 0
212, 1.8557808852098026, 0.2732590685645754, 3.376954847359708, 0
213, 1.8557808852098026, 0.2732590685645754, 3.376954847359708, 0
214, 1.8557808852098026, 0.2732590685645754, 3.376954847359708, 0
215, 1.8557808852098026, 0.2732590685645754, 3.376954847359708, 0
216, 1.8557808852098026, 0.2732590685645754, 3.376954847359708, 0
217, 1.8557808852098026, 0.2732590685645754, 3.376954847359708, 0
218, 1.8557808852098026, 0.2732590685645754, 3.376954847359708, 0
219, 1.8557808852098026, 0.2732590685645754, 3.376954847359708, 0
220, 1.8557808852098026, 0.2732590685645754, 3.376954847359708, 0
221, 1.8557808852098026, 0.2732590685645754, 3.376954847359708, 0
222, 1.8557808852098026, 0.2732590685645754, 3.376954847359708, 0
223, 1.8557808852098026, 0.2732590685645754, 3.376954847359708, 0
224, 1.8557808852098026, 0.2732590685645754, 3.376954847359708, 0
225, 1.8557808852098026, 0.2732590685645754, 3.376954847359708, 0
226, 1.8557808852098026, 0.2732590685645754, 3.376954847359708, 0
227, 1.8557808852098026, 0.2732590685645754, 3.376954847359708, 0
228, 1.8557808852098026, 0.2732590685645754, 3.376954847359708, 0
229, 1.8557808852098026, 0.2732590685645754, 3.376954847359708, 0
230, 1.8557808852098026, 0.2732590685645754, 3.376954847359708, 0
231, 1.8557808852098026, 0.2732590685645754, 3.376954847359708, 0
232, 1.8557808852098026, 0.2732590685645754, 3.376954847359708, 0
233, 1.8557808852098026, 0.2732590685645754, 3.376954847359708, 0
234, 1.8557808852098026, 0.2732590685645754, 3.376954847359708, 0
235, 1.8557808852098026, 0.2732590685645754, 3.376954847359708, 0
236, 1.8557808852098026, 0.2732590685645754, 3.376954847359708, 0
237, 1.8557808852098026, 0.2732590685645754, 3.376954847359708, 0
238, 1.8557808852098026, 0.2732590685645754, 3.376954847359708, 0
239, 1.8557808852098026, 0.2732590685645754, 3.376954847359708, 0
240, 1.8557808852098026, 0.2732590685645754, 3.376954847359708, 0
241, 1.8557808852098026, 0.2732590685645754, 3.376954847359708, 0
242, 1.8557808852098026, 0.2732590685645754, 3.376954847359708, 0
243, 1.8557808852098026, 0.2732590685645754, 3.376954847359708, 0
244, 1.8557808852098026, 0.2732590685645754, 3.376954847359708, 0
245, 1.8557808852098026, 0.2732590685645754, 3.376954847359708, 0
246, 1.8557808852098026, 0.2732590685645754, 3.376954847359708, 0
247, 1.8557808852098026, 0.2732590685645754, 3.376954847359708, 0
248, 1.8557808852098026, 0.2732590685645754, 3.376954847359708, 0
249, 1.8557808852098026, 0.2732590685645754, 3.376954847359708, 0
250, 1.8557808852098026, 0.2732590685645754, 3.376954847359708, 0
251, 1.8557808852098026, 0.2732590685645754, 3.376954847359708, 0
252, 1.8557808852098026, 0.2732590685645754, 3.376954847359708, 0
253, 1.8557808852098026, 0.2732590685645754, 3.376954847359708, 0
254, 1.8557808852098026, 0.2732590685645754, 3.376954847359708, 0
255, 1.8557808852098026, 0.2732590685645754, 3.376954847359708, 0
256, 1.8557808852098026, 0.2732590685645754, 3.376954847359708, 0
257, 1.8557808852098026, 0.2732590685645754, 3.376954847359708, 0
258, 1.8557808852098026, 0.2732590685645754, 3.376954847359708, 0
259, 1.8386557349954842, 0.07434852183603666, 3.496374564831135, 1
260, 1.8386557349954842, 0.07434852183603666, 3.496374564831135, 1
261, 1.8386557349954842, 0.07434852183603666, 3.496374564831135, 1
262, 1.8386557349954842, 0.07434852183603666, 3.496374564831135, 1
263, 1.8386557349954842, 0.07434852183603666, 3.496374564831135, 1
264, 1.8386557349954842, 0.07434852183603666, 3.496374564831135, 1
265, 1.8386557349954842, 0.07434852183603666, 3.496374564831135, 1
266, 1.8386557349954842, 0.07434852183603666, 3.496374564831135, 1
267, 1.8386557349954842, 0.07434852183603666, 3.496374564831135, 1
268, 1.8386557349954842, 0.07434852183603666, 3.496374564831135, 1
269, 1.8386557349954842, 0.07434852183603666, 3.496374564831135, 1
270, 1.8386557349954842, 0.07434852183603666, 3.496374564831135, 1
271, 1.8386557349954842, 0.07434852183603666, 3.496374564831135, 1
272, 1.8386557349954842, 0.07434852183603666, 3.496374564831135, 1
273, 1.8386557349954842, 0.07434852183603666, 3.496374564831135, 1
274, 1.8386557349954842, 0.07434852183603666, 3.496374564831135, 1
275, 1.8386557349954842, 0.07434852183603666, 3.496374564831135, 1
276, 1.8386557349954842, 0.07434852183603666, 3.496374564831135, 1
277, 1.8386557349954842, 0.07434852183603666, 3.496374564831135, 1
278, 1.8386557349954842, 0.07434852183603666, 3.496374564831135, 1
279, 1.8386557349954842, 0.07434852183603666, 3.496374564831135, 1
280, 1.8386557349954842, 0.07434852183603666, 3.496374564831135, 1
281, 1.8386557349954842, 0.07434852183603666, 3.496374564831135, 1
282, 1.8386557349954842, 0.07434852183603666, 3.496374564831135, 1
283, 1.8386557349954842, 0.07434852183603666, 3.496374564831135, 1
284, 1.8386557349954842, 0.07434852183603666, 3.496374564831135, 1
285, 1.8386557349954842, 0.07434852183603666, 3.496374564831135, 1
286, 1.8386557349954842, 0.07434852183603666, 3.496374564831135, 1
287, 1.8386557349954842, 0.07434852183603666, 3.496374564831135, 1
288, 1.8386557349954842, 0.07434852183603666, 3.496374564831135, 1
289, 1.8386557349954842, 0.07434852183603666, 3.496374564831135, 1
290, 1.8386557349954842, 0.07434852183603666, 3.496374564831135, 1
291, 1.8386557349954842, 0.07434852183603666, 3.496374564831135, 1
292, 1.8386557349954842, 0.07434852183603666, 3.496374564831135, 1
293, 1.8386557349954842, 0.07434852183603666, 3.496374564831135, 1
294, 1.8386557349954842, 0.07434852183603666, 3.496374564831135, 1
295, 1.8386557349954842, 0.07434852183603666, 3.496374564831135, 1
296, 1.8386557349954842, 0.07434852183603666, 3.496374564831135, 1
297, 1.8386557349954842, 0.07434852183603666, 3.496374564831135, 1
298, 1.8386557349954842, 0.07434852183603666, 3.496374564831135, 1
299, 1.8386557349954842, 0.07434852183603666, 3.496374564831135, 1
300, 1.8386557349954842, 0.07434852183603666, 3.496374564831135, 1
301, 1.8386557349954842, 0.07434852183603666, 3.496374564831135, 1
302, 1.8386557349954842, 0.07434852183603666, 3.496374564831135, 1
303, 1.8386557349954842, 0.07434852183603666, 3.496374564831135, 1
304, 1.8386557349954842, 0.07434852183603666, 3.496374564831135, 1
305, 1.8386557349954842, 0.07434852183603666, 3.496374564831135, 1
306, 1.8386557349954842, 0.07434852183603666, 3.496374564831135, 1
307, 1.8386557349954842, 0.07434852183603666, 3.496374564831135, 1
308, 1.8386557349954842, 0.07434852183603666, 3.496374564831135, 1
309, 1.8386557349954842, 0.07434852183603666, 3.496374564831135, 1
310, 1.8386557349954842, 0.07434852183603666, 3.496374564831135, 1
311, 1.8386557349954842, 0.07434852183603666, 3.496374564831135, 1
312, 1.8386557349954842, 0.07434852183603666, 3.496374564831135, 1
313, 1.8386557349954842, 0.07434852183603666, 3.496374564831135, 1
314, 1.8386557349954842, 0.07434852183603666, 3.496374564831135, 1
315, 1.8386557349954842, 0.07434852183603666, 3.496374564831135, 1
316, 1.8386557349954842, 0.07434852183603666, 3.496374564831135, 1
317, 1.8386557349954842, 0.07434852183603666, 3.496374564831135, 1
318, 1.8386557349954842, 0.07434852183603666, 3.496374564831135, 1
319, 1.8386557349954842, 0.07434852183603666, 3.496374564831135, 1
320, 1.8386557349954842, 0.07434852183603666, 3.496374564831135, 1
321, 1.8386557349954842, 0.07434852183603666, 3.496374564831135, 1
322, 1.8386557349954842, 0.07434852183603666, 3.496374564831135, 1
323, 1.8386557349954842, 0.07434852183603666, 3.496374564831135, 1
324, 1.8386557349954842, 0.07434852183603666, 3.496374564831135, 1
325, 1.8386557349954842, 0.07434852183603666, 3.496374564831135, 1
326, 1.8386557349954842, 0.07434852183603666, 3.496374564831135, 1
327, 1.8386557349954842, 0.07434852183603666, 3.496374564831135, 1
328, 1.8386557349954842, 0.07434852183603666, 3.496374564831135, 1
329, 1.8386557349954842, 0.07434852183603666, 3.496374564831135, 1
330, 1.8386557349954842, 0.07434852183603666, 3.496374564831135, 1
331, 1.8386557349954842, 0.07434852183603666, 3.496374564831135, 1
332, 1.8386557349954842, 0.07434852183603666, 3.496374564831135, 1
333, 1.8386557349954842, 0.07434852183603666, 3.496374564831135, 1
334, 1.8386557349954842, 0.07434852183603666, 3.496374564831135, 1
335, 1.8386557349954842, 0.07434852183603666, 3.496374564831135, 1
336, 1.8386557349954842, 0.07434852183603666, 3.496374564831135, 1
337, 1.8386557349954842, 0.07434852183603666, 3.496374564831135, 1
338, 1.8386557349954842, 0.07434852183603666, 3.496374564831135, 1
339, 1.8386557349954842, 0.07434852183603666, 3.496374564831135, 1
340, 1.8386557349954842, 0.07434852183603666, 3.496374564831135, 1
341, 1.8386557349954842, 0.07434852183603666, 3.496374564831135, 1
342, 1.8386557349954842, 0.07434852183603666, 3.496374564831135, 1
343, 1.8386557349954842, 0.07434852183603666, 3.496374564831135, 1
344, 1.8386557349954842, 0.07434852183603666, 3.496374564831135, 1
345, 1.8386557349954842, 0.07434852183603666, 3.496374564831135, 1
346, 1.8386557349954842, 0.07434852183603666, 3.496374564831135, 1
347, 1.8386557349954842, 0.07434852183603666, 3.496374564831135, 1
348, 1.8386557349954842, 0.07434852183603666, 3.496374564831135, 1
349, 1.8386557349954842, 0.07434852183603666, 3.496374564831135, 1
350, 1.8386557349954842, 0.07434852183603666, 3.496374564831135, 1
351, 1.8386557349954842, 0.07434852183603666, 3.496374564831135, 1
352, 1.8386557349954842, 0.07434852183603666, 3.496374564831135, 1
353, 1.8386557349954842, 0.07434852183603666, 3.496374564831135, 1
354, 1.8386557349954842, 0.07434852183603666, 3.496374564831135, 1
355, 1.8386557349954842, 0.07434852183603666, 3.496374564831135, 1
356, 1.8386557349954842, 0.07434852183603666, 3.496374564831135, 1
357, 1.8386557349954842, 0.07434852183603666, 3.496374564831135, 1
358, 1.8386557349954842, 0.07434852183603666, 3.496374564831135, 1
359, 1.8386557349954842, 0.07434852183603666, 3.496374564831135, 1
360, 1.8386557349954842, 0.07434852183603666, 3.496374564831135, 1
361, 1.8386557349954842, 0.07434852183603666, 3.496374564831135, 1
362, 1.8386557349954842, 0.07434852183603666, 3.496374564831135, 1
363, 1.8386557349954842, 0.07434852183603666, 3.496374564831135, 1
364, 1.8386557349954842, 0.07434852183603666, 3.496374564831135, 1
365, 1.8386557349954842, 0.07434852183603666, 3.496374564831135, 1
366, 1.8386557349954842, 0.07434852183603666, 3.496374564831135, 1
367, 1.8386557349954842, 0.07434852183603666, 3.496374564831135, 1
368, 1.8386557349954842, 0.07434852183603666, 3.496374564831135, 1
369, 1.8386557349954842, 0.07434852183603666, 3.496374564831135, 1
370, 1.8386557349954842, 0.07434852183603666, 3.496374564831135, 1
371, 1.8386557349954842, 0.07434852183603666, 3.496374564831135, 1
372, 1.8386557349954842, 0.07434852183603666, 3.496374564831135, 1
373, 1.8386557349954842, 0.07434852183603666, 3.496374564831135, 1
374, 1.8386557349954842, 0.07434852183603666, 3.496374564831135, 1
375, 1.8386557349954842, 0.07434852183603666, 3.496374564831135, 1
376, 1.8386557349954842, 0.07434852183603666, 3.496374564831135, 1
377, 1.8386557349954842, 0.07434852183603666, 3.496374564831135, 1
378, 1.8386557349954842, 0.07434852183603666, 3.496374564831135, 1
379, 1.8386557349954842, 0.07434852183603666, 3.496374564831135, 1
380, 1.8386557349954842, 0.07434852183603666, 3.496374564831135, 1
381, 1.8386557349954842, 0.07434852183603666, 3.496374564831135, 1
382, 1.8386557349954842, 0.07434852183603666, 3.496374564831135, 1
383, 1.8386557349954842, 0.07434852183603666, 3.496374564831135, 1
384, 1.8386557349954842, 0.07434852183603666, 3.496374564831135, 1
385, 1.8386557349954842, 0.07434852183603666, 3.496374564831135, 1
386, 1.8386557349954842, 0.07434852183603666, 3.496374564831135, 1
387, 1.8386557349954842, 0.07434852183603666, 3.496374564831135, 1
388, 1.8386557349954842, 0.07434852183603666, 3.496374564831135, 1
389, 1.8386557349954842, 0.07434852183603666, 3.496374564831135, 1
390, 1.8386557349954842, 0.07434852183603666, 3.496374564831135, 1
391, 1.8386557349954842, 0.07434852183603666, 3.496374564831135, 1
392, 1.8386557349954842, 0.07434852183603666, 3.496374564831135, 1
393, 1.8386557349954842, 0.07434852183603666, 3.496374564831135, 1
394, 1.8386557349954842, 0.07434852183603666, 3.496374564831135, 1
395, 1.8386557349954842, 0.07434852183603666, 3.496374564831135, 1
396, 1.8386557349954842, 0.07434852183603666, 3.496374564831135, 1
397, 1.8386557349954842, 0.07434852183603666, 3.496374564831135, 1
398, 1.8386557349954842, 0.07434852183603666, 3.496374564831135, 1
399, 1.8386557349954842, 0.07434852183603666, 3.496374564831135, 1
400, 1.8386557349954842, 0.07434852183603666, 3.496374564831135, 1
401, 1.8386557349954842, 0.07434852183603666, 3.496374564831135, 1
402, 1.8386557349954842, 0.07434852183603666, 3.496374564831135, 1
403, 1.8386557349954842, 0.07434852183603666, 3.496374564831135, 1
404, 1.8386557349954842, 0.07434852183603666, 3.496374564831135, 1
405, 1.8386557349954842, 0.07434852183603666, 3.496374564831135, 1
406, 1.8386557349954842, 0.07434852183603666, 3.496374564831135, 1
407, 1.8386557349954842, 0.07434852183603666, 3.496374564831135, 1
408, 1.8386557349954842, 0.07434852183603666, 3.496374564831135, 1
409, 1.8386557349954842, 0.07434852183603666, 3.496374564831135, 1
410, 1.8386557349954842, 0.07434852183603666, 3.496374564831135, 1
411, 1.8386557349954842, 0.07434852183603666, 3.496374564831135, 1
412, 1.8386557349954842, 0.07434852183603666, 3.496374564831135, 1
413, 1.8386557349954842, 0.07434852183603666, 3.496374564831135, 1
414, 1.8386557349954842, 0.07434852183603666, 3.496374564831135, 1
415, 1.8386557349954842, 0.07434852183603666, 3.496374564831135, 1
416, 1.8386557349954842, 0.07434852183603666, 3.496374564831135, 1
417, 1.8386557349954842, 0.07434852183603666, 3.496374564831135, 1
418, 1.8386557349954842, 0.07434852183603666, 3.496374564831135, 1
419, 1.8386557349954842, 0.07434852183603666, 3.496374564831135, 1
420, 1.8386557349954842, 0.07434852183603666, 3.496374564831135, 1
421, 1.8386557349954842, 0.07434852183603666, 3.496374564831135, 1
422, 1.8386557349954842, 0.07434852183603666, 3.496374564831135, 1
423, 1.8386557349954842, 0.07434852183603666, 3.496374564831135, 1
424, 1.8386557349954842, 0.07434852183603666, 3.496374564831135, 1
425, 1.8386557349954842, 0.07434852183603666, 3.496374564831135, 1
426, 1.8386557349954842, 0.07434852183603666, 3.496374564831135, 1
427, 1.8386557349954842, 0.07434852183603666, 3.496374564831135, 1
428, 1.8386557349954842, 0.07434852183603666, 3.496374564831135, 1
429, 1.8386557349954842, 0.07434852183603666, 3.496374564831135, 1
430, 1.8386557349954842, 0.07434852183603666, 3.496374564831135, 1
431, 1.8386557349954842, 0.07434852183603666, 3.496374564831135, 1
432, 1.8386557349954842, 0.07434852183603666, 3.496374564831135, 1
433, 1.8386557349954842, 0.07434852183603666, 3.496374564831135, 1
434, 1.8386557349954842, 0.07434852183603666, 3.496374564831135, 1
435, 1.8386557349954842, 0.07434852183603666, 3.496374564831135, 1
436, 1.8386557349954842, 0.07434852183603666, 3.496374564831135, 1
437, 1.8386557349954842, 0.07434852183603666, 3.496374564831135, 1
438, 1.8386557349954842, 0.07434852183603666, 3.496374564831135, 1
439, 1.8386557349954842, 0.07434852183603666, 3.496374564831135, 1
440, 1.8386557349954842, 0.07434852183603666, 3.496374564831135, 1
441, 1.8386557349954842, 0.07434852183603666, 3.496374564831135, 1
442, 1.8386557349954842, 0.07434852183603666, 3.496374564831135, 1
443, 1.8386557349954842, 0.07434852183603666, 3.496374564831135, 1
444, 1.8386557349954842, 0.07434852183603666, 3.496374564831135, 1
445, 1.8386557349954842, 0.07434852183603666, 3.496374564831135, 1
446, 1.8386557349954842, 0.07434852183603666, 3.496374564831135, 1
447, 1.8386557349954842, 0.07434852183603666, 3.496374564831135, 1
448, 1.8386557349954842, 0.07434852183603666, 3.496374564831135, 1
449, 1.8386557349954842, 0.07434852183603666, 3.496374564831135, 1
450, 1.8386557349954842, 0.07434852183603666, 3.496374564831135, 1
451, 1.8386557349954842, 0.07434852183603666, 3.496374564831135, 1
452, 1.8386557349954842, 0.07434852183603666, 3.496374564831135, 1
453, 1.8386557349954842, 0.07434852183603666, 3.496374564831135, 1
454, 1.8386557349954842, 0.07434852183603666, 3.496374564831135, 1
455, 1.8386557349954842, 0.07434852183603666, 3.496374564831135, 1
456, 1.8386557349954842, 0.07434852183603666, 3.496374564831135, 1
457, 1.8386557349954842, 0.07434852183603666, 3.496374564831135, 1
458, 1.8386557349954842, 0.07434852183603666, 3.496374564831135, 1
459, 1.8386557349954842, 0.07434852183603666, 3.496374564831135, 1
460, 1.8386557349954842, 0.07434852183603666, 3.496374564831135, 1
461, 1.8386557349954842, 0.07434852183603666, 3.496374564831135, 1
462, 1.8386557349954842, 0.07434852183603666, 3.496374564831135, 1
463, 1.8386557349954842, 0.07434852183603666, 3.496374564831135, 1
464, 1.8386557349954842, 0.07434852183603666, 3.496374564831135, 1
465, 1.8386557349954842, 0.07434852183603666, 3.496374564831135, 1
466, 1.8386557349954842, 0.07434852183603666, 3.496374564831135, 1
467, 1.8386557349954842, 0.07434852183603666, 3.496374564831135, 1
468, 1.8386557349954842, 0.07434852183603666, 3.496374564831135, 1
469, 1.8386557349954842, 0.07434852183603666, 3.496374564831135, 1
470, 1.8386557349954842, 0.07434852183603666, 3.496374564831135, 1
471, 1.8386557349954842, 0.07434852183603666, 3.496374564831135, 1
472, 1.8386557349954842, 0.07434852183603666, 3.496374564831135, 1
473, 1.8386557349954842, 0.07434852183603666, 3.496374564831135, 1
474, 1.8386557349954842, 0.07434852183603666, 3.496374564831135, 1
475, 1.8386557349954842, 0.07434852183603666, 3.496374564831135, 1
476, 1.8386557349954842, 0.07434852183603666, 3.496374564831135, 1
477, 1.8386557349954842, 0.07434852183603666, 3.496374564831135, 1
478, 1.8386557349954842, 0.07434852183603666, 3.496374564831135, 1
479, 1.8386557349954842, 0.07434852183603666, 3.496374564831135, 1
480, 1.8386557349954842, 0.07434852183603666, 3.496374564831135, 1
481, 1.8386557349954842, 0.07434852183603666, 3.496374564831135, 1
482, 1.8386557349954842, 0.07434852183603666, 3.496374564831135, 1
483, 1.8386557349954842, 0.07434852183603666, 3.496374564831135, 1
484, 1.8386557349954842, 0.07434852183603666, 3.496374564831135, 1
485, 1.8386557349954842, 0.07434852183603666, 3.496374564831135, 1
486, 1.8386557349954842, 0.07434852183603666, 3.496374564831135, 1
487, 1.8386557349954842, 0.07434852183603666, 3.496374564831135, 1
488, 1.8386557349954842, 0.07434852183603666, 3.496374564831135, 1
489, 1.8386557349954842, 0.07434852183603666, 3.496374564831135, 1
490, 1.8386557349954842, 0.07434852183603666, 3.496374564831135, 1
491, 1.8386557349954842, 0.07434852183603666, 3.496374564831135, 1
492, 1.8386557349954842, 0.07434852183603666, 3.496374564831135, 1
493, 1.8386557349954842, 0.07434852183603666, 3.496374564831135, 1
494, 1.8386557349954842, 0.07434852183603666, 3.496374564831135, 1
495, 1.8386557349954842, 0.07434852183603666, 3.496374564831135, 1
496, 1.8386557349954842, 0.07434852183603666, 3.496374564831135, 1
497, 1.8386557349954842, 0.07434852183603666, 3.496374564831135, 1
498, 1.8386557349954842, 0.07434852183603666, 3.496374564831135, 1
499, 1.8386557349954842, 0.07434852183603666, 3.496374564831135, 1
500, 1.8386557349954842, 0.07434852183603666, 3.496374564831135, 1
501, 1.8386557349954842, 0.07434852183603666, 3.496374564831135, 1
