evals, mean, best, worst, success num
1, 3.821738681771024, 3.683557727509856, 3.9599068425531687, 0
2, 3.821738681771024, 3.683557727509856, 3.9599068425531687, 0
3, 3.821738681771024, 3.683557727509856, 3.9599068425531687, 0
4, 3.821738681771024, 3.683557727509856, 3.9599068425531687, 0
5, 3.773551824877662, 3.597157898683928, 3.949452592628151, 0
6, 1.7031069388863354, 0.0759938720084742, 3.367455552291936, 0
7, 1.7031069388863354, 0.0759938720084742, 3.367455552291936, 0
8, 1.7031069388863354, 0.0759938720084742, 3.367455552291936, 0
9, 1.7031069388863354, 0.0759938720084742, 3.367455552291936, 0
10, 1.7031069388863354, 0.0759938720084742, 3.367455552291936, 0
11, 1.7031069388863354, 0.0759938720084742, 3.367455552291936, 0
12, 1.7031069388863354, 0.0759938720084742, 3.367455552291936, 0
13, 1.7031069388863354, 0.0759938720084742, 3.367455552291936, 0
14, 1.7031069388863354, 0.0759938720084742, 3.367455552291936, 0
15, 1.7031069388863354, 0.0759938720084742, 3.367455552291936, 0
16, 1.261783049972705, 0.04024608574490053, 3.9999999999999996, 2
17, 1.261783049972705, 0.04024608574490053, 3.9999999999999996, 2
18, 1.261783049972705, 0.04024608574490053, 3.9999999999999996, 2
19, 1.261783049972705, 0.04024608574490053, 3.9999999999999996, 2
20, 1.261783049972705, 0.04024608574490053, 3.9999999999999996, 2
21, 1.261783049972705, 0.04024608574490053, 3.9999999999999996, 2
22, 1.261783049972705, 0.04024608574490053, 3.9999999999999996, 2
23, 1.261783049972705, 0.04024608574490053, 3.9999999999999996, 2
24, 1.261783049972705, 0.04024608574490053, 3.9999999999999996, 2
25, 1.261783049972705, 0.04024608574490053, 3.9999999999999996, 2
26, 1.261783049972705, 0.04024608574490053, 3.9999999999999996, 2
27, 1.261783049972705, 0.04024608574490053, 3.9999999999999996, 2
28, 1.261783049972705, 0.04024608574490053, 3.9999999999999996, 2
29, 1.261783049972705, 0.04024608574490053, 3.9999999999999996, 2
30, 1.261783049972705, 0.04024608574490053, 3.9999999999999996, 2
31, 1.261783049972705, 0.04024608574490053, 3.9999999999999996, 2
32, 1.261783049972705, 0.04024608574490053, 3.9999999999999996, 2
33, 1.2201708469836496, 0.017783128471383993, 3.9999999999999996, 2
34, 1.2201708469836496, 0.017783128471383993, 3.9999999999999996, 2
35, 1.2201708469836496, 0.017783128471383993, 3.9999999999999996, 2
36, 1.2201708469836496, 0.017783128471383993, 3.9999999999999996, 2
37, 1.2201708469836496, 0.017783128471383993, 3.9999999999999996, 2
38, 1.2201708469836496, 0.017783128471383993, 3.9999999999999996, 2
39, 1.2201708469836496, 0.017783128471383993, 3.9999999999999996, 2
40, 1.2201708469836496, 0.017783128471383993, 3.9999999999999996, 2
41, 1.029295936045585, 0.032229337608366174, 3.9999999999999996, 3
42, 1.029295936045585, 0.032229337608366174, 3.9999999999999996, 3
43, 1.029295936045585, 0.032229337608366174, 3.9999999999999996, 3
44, 1.029295936045585, 0.032229337608366174, 3.9999999999999996, 3
45, 1.029295936045585, 0.032229337608366174, 3.9999999999999996, 3
46, 1.029295936045585, 0.032229337608366174, 3.9999999999999996, 3
47, 1.029295936045585, 0.032229337608366174, 3.9999999999999996, 3
48, 1.029295936045585, 0.032229337608366174, 3.9999999999999996, 3
49, 1.029295936045585, 0.032229337608366174, 3.9999999999999996, 3
50, 1.029295936045585, 0.032229337608366174, 3.9999999999999996, 3
51, 1.029295936045585, 0.032229337608366174, 3.9999999999999996, 3
52, 1.029295936045585, 0.032229337608366174, 3.9999999999999996, 3
53, 1.029295936045585, 0.032229337608366174, 3.9999999999999996, 3
54, 1.029295936045585, 0.032229337608366174, 3.9999999999999996, 3
55, 1.029295936045585, 0.032229337608366174, 3.9999999999999996, 3
56, 1.029295936045585, 0.032229337608366174, 3.9999999999999996, 3
57, 1.029295936045585, 0.032229337608366174, 3.9999999999999996, 3
58, 1.029295936045585, 0.032229337608366174, 3.9999999999999996, 3
59, 1.029295936045585, 0.032229337608366174, 3.9999999999999996, 3
60, 1.029295936045585, 0.032229337608366174, 3.9999999999999996, 3
61, 1.029295936045585, 0.032229337608366174, 3.9999999999999996, 3
62, 1.029295936045585, 0.032229337608366174, 3.9999999999999996, 3
63, 1.029295936045585, 0.032229337608366174, 3.9999999999999996, 3
64, 1.029295936045585, 0.032229337608366174, 3.9999999999999996, 3
65, 1.029295936045585, 0.032229337608366174, 3.9999999999999996, 3
66, 1.029295936045585, 0.032229337608366174, 3.9999999999999996, 3
67, 1.029295936045585, 0.032229337608366174, 3.9999999999999996, 3
68, 1.029295936045585, 0.032229337608366174, 3.9999999999999996, 3
69, 1.029295936045585, 0.032229337608366174, 3.9999999999999996, 3
70, 1.029295936045585, 0.032229337608366174, 3.9999999999999996, 3
71, 1.029295936045585, 0.032229337608366174, 3.9999999999999996, 3
72, 1.029295936045585, 0.032229337608366174, 3.9999999999999996, 3
73, 1.029295936045585, 0.032229337608366174, 3.9999999999999996, 3
74, 1.029295936045585, 0.032229337608366174, 3.9999999999999996, 3
75, 1.029295936045585, 0.032229337608366174, 3.9999999999999996, 3
76, 1.029295936045585, 0.032229337608366174, 3.9999999999999996, 3
77, 1.029295936045585, 0.032229337608366174, 3.9999999999999996, 3
78, 1.029295936045585, 0.032229337608366174, 3.9999999999999996, 3
79, 1.029295936045585, 0.032229337608366174, 3.9999999999999996, 3
80, 1.029295936045585, 0.032229337608366174, 3.9999999999999996, 3
81, 1.029295936045585, 0.032229337608366174, 3.9999999999999996, 3
82, 1.029295936045585, 0.032229337608366174, 3.9999999999999996, 3
83, 1.029295936045585, 0.032229337608366174, 3.9999999999999996, 3
84, 1.029295936045585, 0.032229337608366174, 3.9999999999999996, 3
85, 1.029295936045585, 0.032229337608366174, 3.9999999999999996, 3
86, 1.029295936045585, 0.032229337608366174, 3.9999999999999996, 3
87, 1.029295936045585, 0.032229337608366174, 3.9999999999999996, 3
88, 1.029295936045585, 0.032229337608366174, 3.9999999999999996, 3
89, 1.029295936045585, 0.032229337608366174, 3.9999999999999996, 3
90, 1.029295936045585, 0.032229337608366174, 3.9999999999999996, 3
91, 1.029295936045585, 0.032229337608366174, 3.9999999999999996, 3
92, 1.029295936045585, 0.032229337608366174, 3.9999999999999996, 3
93, 1.029295936045585, 0.032229337608366174, 3.9999999999999996, 3
94, 1.029295936045585, 0.032229337608366174, 3.9999999999999996, 3
95, 1.029295936045585, 0.032229337608366174, 3.9999999999999996, 3
96, 1.029295936045585, 0.032229337608366174, 3.9999999999999996, 3
97, 1.029295936045585, 0.032229337608366174, 3.9999999999999996, 3
98, 1.029295936045585, 0.032229337608366174, 3.9999999999999996, 3
99, 1.029295936045585, 0.032229337608366174, 3.9999999999999996, 3
100, 1.029295936045585, 0.032229337608366174, 3.9999999999999996, 3
101, 1.029295936045585, 0.032229337608366174, 3.9999999999999996, 3
102, 1.029295936045585, 0.032229337608366174, 3.9999999999999996, 3
103, 1.029295936045585, 0.032229337608366174, 3.9999999999999996, 3
104, 1.029295936045585, 0.032229337608366174, 3.9999999999999996, 3
105, 1.029295936045585, 0.032229337608366174, 3.9999999999999996, 3
106, 1.029295936045585, 0.032229337608366174, 3.9999999999999996, 3
107, 1.029295936045585, 0.032229337608366174, 3.9999999999999996, 3
108, 1.029295936045585, 0.032229337608366174, 3.9999999999999996, 3
109, 1.029295936045585, 0.032229337608366174, 3.9999999999999996, 3
110, 1.029295936045585, 0.032229337608366174, 3.9999999999999996, 3
111, 1.029295936045585, 0.032229337608366174, 3.9999999999999996, 3
112, 1.029295936045585, 0.032229337608366174, 3.9999999999999996, 3
113, 1.029295936045585, 0.032229337608366174, 3.9999999999999996, 3
114, 1.029295936045585, 0.032229337608366174, 3.9999999999999996, 3
115, 1.029295936045585, 0.032229337608366174, 3.9999999999999996, 3
116, 1.029295936045585, 0.032229337608366174, 3.9999999999999996, 3
117, 1.029295936045585, 0.032229337608366174, 3.9999999999999996, 3
118, 1.029295936045585, 0.032229337608366174, 3.9999999999999996, 3
119, 1.029295936045585, 0.032229337608366174, 3.9999999999999996, 3
120, 1.029295936045585, 0.032229337608366174, 3.9999999999999996, 3
121, 1.029295936045585, 0.032229337608366174, 3.9999999999999996, 3
122, 1.029295936045585, 0.032229337608366174, 3.9999999999999996, 3
123, 1.029295936045585, 0.032229337608366174, 3.9999999999999996, 3
124, 1.029295936045585, 0.032229337608366174, 3.9999999999999996, 3
125, 1.029295936045585, 0.032229337608366174, 3.9999999999999996, 3
126, 1.029295936045585, 0.032229337608366174, 3.9999999999999996, 3
127, 1.029295936045585, 0.032229337608366174, 3.9999999999999996, 3
128, 1.029295936045585, 0.032229337608366174, 3.9999999999999996, 3
129, 1.029295936045585, 0.032229337608366174, 3.9999999999999996, 3
130, 1.029295936045585, 0.032229337608366174, 3.9999999999999996, 3
131, 1.029295936045585, 0.032229337608366174, 3.9999999999999996, 3
132, 1.029295936045585, 0.032229337608366174, 3.9999999999999996, 3
133, 1.029295936045585, 0.032229337608366174, 3.9999999999999996, 3
134, 1.029295936045585, 0.032229337608366174, 3.9999999999999996, 3
135, 1.029295936045585, 0.032229337608366174, 3.9999999999999996, 3
136, 1.029295936045585, 0.032229337608366174, 3.9999999999999996, 3
137, 1.029295936045585, 0.032229337608366174, 3.9999999999999996, 3
138, 1.029295936045585, 0.032229337608366174, 3.9999999999999996, 3
139, 1.029295936045585, 0.032229337608366174, 3.9999999999999996, 3
140, 1.029295936045585, 0.032229337608366174, 3.9999999999999996, 3
141, 1.029295936045585, 0.032229337608366174, 3.9999999999999996, 3
142, 1.029295936045585, 0.032229337608366174, 3.9999999999999996, 3
143, 1.029295936045585, 0.032229337608366174, 3.9999999999999996, 3
144, 1.029295936045585, 0.032229337608366174, 3.9999999999999996, 3
145, 1.029295936045585, 0.032229337608366174, 3.9999999999999996, 3
146, 1.029295936045585, 0.032229337608366174, 3.9999999999999996, 3
147, 1.029295936045585, 0.032229337608366174, 3.9999999999999996, 3
148, 1.029295936045585, 0.032229337608366174, 3.9999999999999996, 3
149, 1.0286172553950168, 0.036051701846676304, 3.9999999999999996, 3
150, 1.0286172553950168, 0.036051701846676304, 3.9999999999999996, 3
151, 1.0286172553950168, 0.036051701846676304, 3.9999999999999996, 3
152, 1.0286172553950168, 0.036051701846676304, 3.9999999999999996, 3
153, 1.0286172553950168, 0.036051701846676304, 3.9999999999999996, 3
154, 1.0286172553950168, 0.036051701846676304, 3.9999999999999996, 3
155, 1.0286172553950168, 0.036051701846676304, 3.9999999999999996, 3
156, 1.0286172553950168, 0.036051701846676304, 3.9999999999999996, 3
157, 1.0286172553950168, 0.036051701846676304, 3.9999999999999996, 3
158, 1.0286172553950168, 0.036051701846676304, 3.9999999999999996, 3
159, 1.0286172553950168, 0.036051701846676304, 3.9999999999999996, 3
160, 1.0255180091641658, 0.02561552361817652, 3.9999999999999996, 3
161, 1.0255180091641658, 0.02561552361817652, 3.9999999999999996, 3
162, 1.0255180091641658, 0.02561552361817652, 3.9999999999999996, 3
163, 1.0255180091641658, 0.02561552361817652, 3.9999999999999996, 3
164, 1.0255180091641658, 0.02561552361817652, 3.9999999999999996, 3
165, 1.0255180091641658, 0.02561552361817652, 3.9999999999999996, 3
166, 1.0255180091641658, 0.02561552361817652, 3.9999999999999996, 3
167, 1.0255180091641658, 0.02561552361817652, 3.9999999999999996, 3
168, 1.0255180091641658, 0.02561552361817652, 3.9999999999999996, 3
169, 1.0255180091641658, 0.02561552361817652, 3.9999999999999996, 3
170, 1.0255180091641658, 0.02561552361817652, 3.9999999999999996, 3
171, 1.0255180091641658, 0.02561552361817652, 3.9999999999999996, 3
172, 1.0255180091641658, 0.02561552361817652, 3.9999999999999996, 3
173, 1.0255180091641658, 0.02561552361817652, 3.9999999999999996, 3
174, 1.0255180091641658, 0.02561552361817652, 3.9999999999999996, 3
175, 1.0255180091641658, 0.02561552361817652, 3.9999999999999996, 3
176, 1.0255180091641658, 0.02561552361817652, 3.9999999999999996, 3
177, 1.0255180091641658, 0.02561552361817652, 3.9999999999999996, 3
178, 1.0255180091641658, 0.02561552361817652, 3.9999999999999996, 3
179, 1.0255180091641658, 0.02561552361817652, 3.9999999999999996, 3
180, 1.0247097847618665, 0.03101054827537753, 3.9999999999999996, 3
181, 1.0247097847618665, 0.03101054827537753, 3.9999999999999996, 3
182, 1.0247097847618665, 0.03101054827537753, 3.9999999999999996, 3
183, 1.0247097847618665, 0.03101054827537753, 3.9999999999999996, 3
184, 1.0247097847618665, 0.03101054827537753, 3.9999999999999996, 3
185, 1.0247097847618665, 0.03101054827537753, 3.9999999999999996, 3
186, 1.0247097847618665, 0.03101054827537753, 3.9999999999999996, 3
187, 1.0247097847618665, 0.03101054827537753, 3.9999999999999996, 3
188, 1.0247097847618665, 0.03101054827537753, 3.9999999999999996, 3
189, 1.0247097847618665, 0.03101054827537753, 3.9999999999999996, 3
190, 1.0247097847618665, 0.03101054827537753, 3.9999999999999996, 3
191, 1.0247097847618665, 0.03101054827537753, 3.9999999999999996, 3
192, 1.0247097847618665, 0.03101054827537753, 3.9999999999999996, 3
193, 1.0247097847618665, 0.03101054827537753, 3.9999999999999996, 3
194, 1.0247097847618665, 0.03101054827537753, 3.9999999999999996, 3
195, 1.0247097847618665, 0.03101054827537753, 3.9999999999999996, 3
196, 1.0247097847618665, 0.03101054827537753, 3.9999999999999996, 3
197, 1.0247097847618665, 0.03101054827537753, 3.9999999999999996, 3
198, 1.0247097847618665, 0.03101054827537753, 3.9999999999999996, 3
199, 1.0247097847618665, 0.03101054827537753, 3.9999999999999996, 3
200, 1.0247097847618665, 0.03101054827537753, 3.9999999999999996, 3
201, 1.0247097847618665, 0.03101054827537753, 3.9999999999999996, 3
202, 1.0247097847618665, 0.03101054827537753, 3.9999999999999996, 3
203, 1.0247097847618665, 0.03101054827537753, 3.9999999999999996, 3
204, 1.0247097847618665, 0.03101054827537753, 3.9999999999999996, 3
205, 1.0247097847618665, 0.03101054827537753, 3.9999999999999996, 3
206, 1.0247097847618665, 0.03101054827537753, 3.9999999999999996, 3
207, 1.0247097847618665, 0.03101054827537753, 3.9999999999999996, 3
208, 1.0247097847618665, 0.03101054827537753, 3.9999999999999996, 3
209, 1.0247097847618665, 0.03101054827537753, 3.9999999999999996, 3
210, 1.0247097847618665, 0.03101054827537753, 3.9999999999999996, 3
211, 1.0247097847618665, 0.03101054827537753, 3.9999999999999996, 3
212, 1.0247097847618665, 0.03101054827537753, 3.9999999999999996, 3
213, 1.0247097847618665, 0.03101054827537753, 3.9999999999999996, 3
214, 1.0247097847618665, 0.03101054827537753, 3.9999999999999996, 3
215, 1.0247097847618665, 0.03101054827537753, 3.9999999999999996, 3
216, 1.0247097847618665, 0.03101054827537753, 3.9999999999999996, 3
217, 1.0247097847618665, 0.03101054827537753, 3.9999999999999996, 3
218, 1.0247097847618665, 0.03101054827537753, 3.9999999999999996, 3
219, 1.0247097847618665, 0.03101054827537753, 3.9999999999999996, 3
220, 1.0247097847618665, 0.03101054827537753, 3.9999999999999996, 3
221, 1.0247097847618665, 0.03101054827537753, 3.9999999999999996, 3
222, 1.0247097847618665, 0.03101054827537753, 3.9999999999999996, 3
223, 1.0247097847618665, 0.03101054827537753, 3.9999999999999996, 3
224, 1.0247097847618665, 0.03101054827537753, 3.9999999999999996, 3
225, 1.0247097847618665, 0.03101054827537753, 3.9999999999999996, 3
226, 1.0247097847618665, 0.03101054827537753, 3.9999999999999996, 3
227, 1.0247097847618665, 0.03101054827537753, 3.9999999999999996, 3
228, 1.0247097847618665, 0.03101054827537753, 3.9999999999999996, 3
229, 1.0247097847618665, 0.03101054827537753, 3.9999999999999996, 3
230, 1.0247097847618665, 0.03101054827537753, 3.9999999999999996, 3
231, 1.0247097847618665, 0.03101054827537753, 3.9999999999999996, 3
232, 1.0247097847618665, 0.03101054827537753, 3.9999999999999996, 3
233, 1.0247097847618665, 0.03101054827537753, 3.9999999999999996, 3
234, 1.0247097847618665, 0.03101054827537753, 3.9999999999999996, 3
235, 1.0247097847618665, 0.03101054827537753, 3.9999999999999996, 3
236, 1.0247097847618665, 0.03101054827537753, 3.9999999999999996, 3
237, 1.0247097847618665, 0.03101054827537753, 3.9999999999999996, 3
238, 1.0247097847618665, 0.03101054827537753, 3.9999999999999996, 3
239, 1.0247097847618665, 0.03101054827537753, 3.9999999999999996, 3
240, 1.0247097847618665, 0.03101054827537753, 3.9999999999999996, 3
241, 1.0247097847618665, 0.03101054827537753, 3.9999999999999996, 3
242, 1.0247097847618665, 0.03101054827537753, 3.9999999999999996, 3
243, 1.0247097847618665, 0.03101054827537753, 3.9999999999999996, 3
244, 1.0247097847618665, 0.03101054827537753, 3.9999999999999996, 3
245, 1.0247097847618665, 0.03101054827537753, 3.9999999999999996, 3
246, 1.0247097847618665, 0.03101054827537753, 3.9999999999999996, 3
247, 1.0247097847618665, 0.03101054827537753, 3.9999999999999996, 3
248, 1.0247097847618665, 0.03101054827537753, 3.9999999999999996, 3
249, 1.0247097847618665, 0.03101054827537753, 3.9999999999999996, 3
250, 1.0247097847618665, 0.03101054827537753, 3.9999999999999996, 3
251, 1.0247097847618665, 0.03101054827537753, 3.9999999999999996, 3
252, 1.0247097847618665, 0.03101054827537753, 3.9999999999999996, 3
253, 1.0247097847618665, 0.03101054827537753, 3.9999999999999996, 3
254, 1.0247097847618665, 0.03101054827537753, 3.9999999999999996, 3
255, 1.0247097847618665, 0.03101054827537753, 3.9999999999999996, 3
256, 1.0247097847618665, 0.03101054827537753, 3.9999999999999996, 3
257, 1.0247097847618665, 0.03101054827537753, 3.9999999999999996, 3
258, 1.0247097847618665, 0.03101054827537753, 3.9999999999999996, 3
259, 1.0247097847618665, 0.03101054827537753, 3.9999999999999996, 3
260, 1.0247097847618665, 0.03101054827537753, 3.9999999999999996, 3
261, 1.0247097847618665, 0.03101054827537753, 3.9999999999999996, 3
262, 1.0247097847618665, 0.03101054827537753, 3.9999999999999996, 3
263, 1.0247097847618665, 0.03101054827537753, 3.9999999999999996, 3
264, 1.0247097847618665, 0.03101054827537753, 3.9999999999999996, 3
265, 1.0247097847618665, 0.03101054827537753, 3.9999999999999996, 3
266, 1.0247097847618665, 0.03101054827537753, 3.9999999999999996, 3
267, 1.0247097847618665, 0.03101054827537753, 3.9999999999999996, 3
268, 1.0247097847618665, 0.03101054827537753, 3.9999999999999996, 3
269, 1.0247097847618665, 0.03101054827537753, 3.9999999999999996, 3
270, 1.0247097847618665, 0.03101054827537753, 3.9999999999999996, 3
271, 1.0247097847618665, 0.03101054827537753, 3.9999999999999996, 3
272, 1.0247097847618665, 0.03101054827537753, 3.9999999999999996, 3
273, 1.0247097847618665, 0.03101054827537753, 3.9999999999999996, 3
274, 1.0247097847618665, 0.03101054827537753, 3.9999999999999996, 3
275, 1.0247097847618665, 0.03101054827537753, 3.9999999999999996, 3
276, 1.0247097847618665, 0.03101054827537753, 3.9999999999999996, 3
277, 1.0247097847618665, 0.03101054827537753, 3.9999999999999996, 3
278, 1.0247097847618665, 0.03101054827537753, 3.9999999999999996, 3
279, 1.0247097847618665, 0.03101054827537753, 3.9999999999999996, 3
280, 1.0247097847618665, 0.03101054827537753, 3.9999999999999996, 3
281, 1.0247097847618665, 0.03101054827537753, 3.9999999999999996, 3
282, 1.0247097847618665, 0.03101054827537753, 3.9999999999999996, 3
283, 1.0247097847618665, 0.03101054827537753, 3.9999999999999996, 3
284, 1.0247097847618665, 0.03101054827537753, 3.9999999999999996, 3
285, 1.0247097847618665, 0.03101054827537753, 3.9999999999999996, 3
286, 1.0247097847618665, 0.03101054827537753, 3.9999999999999996, 3
287, 1.0247097847618665, 0.03101054827537753, 3.9999999999999996, 3
288, 1.0247097847618665, 0.03101054827537753, 3.9999999999999996, 3
289, 1.0247097847618665, 0.03101054827537753, 3.9999999999999996, 3
290, 1.0247097847618665, 0.03101054827537753, 3.9999999999999996, 3
291, 1.0247097847618665, 0.03101054827537753, 3.9999999999999996, 3
292, 1.0247097847618665, 0.03101054827537753, 3.9999999999999996, 3
293, 1.0247097847618665, 0.03101054827537753, 3.9999999999999996, 3
294, 1.0247097847618665, 0.03101054827537753, 3.9999999999999996, 3
295, 1.0247097847618665, 0.03101054827537753, 3.9999999999999996, 3
296, 1.0247097847618665, 0.03101054827537753, 3.9999999999999996, 3
297, 1.0247097847618665, 0.03101054827537753, 3.9999999999999996, 3
298, 1.0247097847618665, 0.03101054827537753, 3.9999999999999996, 3
299, 1.0247097847618665, 0.03101054827537753, 3.9999999999999996, 3
300, 1.0247097847618665, 0.03101054827537753, 3.9999999999999996, 3
301, 1.0247097847618665, 0.03101054827537753, 3.9999999999999996, 3
302, 1.0247097847618665, 0.03101054827537753, 3.9999999999999996, 3
303, 1.0247097847618665, 0.03101054827537753, 3.9999999999999996, 3
304, 1.0247097847618665, 0.03101054827537753, 3.9999999999999996, 3
305, 1.0247097847618665, 0.03101054827537753, 3.9999999999999996, 3
306, 1.0247097847618665, 0.03101054827537753, 3.9999999999999996, 3
307, 1.0247097847618665, 0.03101054827537753, 3.9999999999999996, 3
308, 1.0247097847618665, 0.03101054827537753, 3.9999999999999996, 3
309, 1.0247097847618665, 0.03101054827537753, 3.9999999999999996, 3
310, 1.0247097847618665, 0.03101054827537753, 3.9999999999999996, 3
311, 1.0247097847618665, 0.03101054827537753, 3.9999999999999996, 3
312, 1.0247097847618665, 0.03101054827537753, 3.9999999999999996, 3
313, 1.0247097847618665, 0.03101054827537753, 3.9999999999999996, 3
314, 1.0247097847618665, 0.03101054827537753, 3.9999999999999996, 3
315, 1.0247097847618665, 0.03101054827537753, 3.9999999999999996, 3
316, 1.0247097847618665, 0.03101054827537753, 3.9999999999999996, 3
317, 1.0247097847618665, 0.03101054827537753, 3.9999999999999996, 3
318, 1.0247097847618665, 0.03101054827537753, 3.9999999999999996, 3
319, 1.0247097847618665, 0.03101054827537753, 3.9999999999999996, 3
320, 1.0247097847618665, 0.03101054827537753, 3.9999999999999996, 3
321, 1.0247097847618665, 0.03101054827537753, 3.9999999999999996, 3
322, 1.0247097847618665, 0.03101054827537753, 3.9999999999999996, 3
323, 1.0247097847618665, 0.03101054827537753, 3.9999999999999996, 3
324, 1.0247097847618665, 0.03101054827537753, 3.9999999999999996, 3
325, 1.0247097847618665, 0.03101054827537753, 3.9999999999999996, 3
326, 1.0247097847618665, 0.03101054827537753, 3.9999999999999996, 3
327, 1.0247097847618665, 0.03101054827537753, 3.9999999999999996, 3
328, 1.0247097847618665, 0.03101054827537753, 3.9999999999999996, 3
329, 1.0247097847618665, 0.03101054827537753, 3.9999999999999996, 3
330, 1.0247097847618665, 0.03101054827537753, 3.9999999999999996, 3
331, 1.0247097847618665, 0.03101054827537753, 3.9999999999999996, 3
332, 1.0247097847618665, 0.03101054827537753, 3.9999999999999996, 3
333, 1.0247097847618665, 0.03101054827537753, 3.9999999999999996, 3
334, 1.0247097847618665, 0.03101054827537753, 3.9999999999999996, 3
335, 1.0247097847618665, 0.03101054827537753, 3.9999999999999996, 3
336, 1.0247097847618665, 0.03101054827537753, 3.9999999999999996, 3
337, 1.0247097847618665, 0.03101054827537753, 3.9999999999999996, 3
338, 1.0247097847618665, 0.03101054827537753, 3.9999999999999996, 3
339, 1.0247097847618665, 0.03101054827537753, 3.9999999999999996, 3
340, 1.0247097847618665, 0.03101054827537753, 3.9999999999999996, 3
341, 1.0247097847618665, 0.03101054827537753, 3.9999999999999996, 3
342, 1.0247097847618665, 0.03101054827537753, 3.9999999999999996, 3
343, 1.0247097847618665, 0.03101054827537753, 3.9999999999999996, 3
344, 1.0247097847618665, 0.03101054827537753, 3.9999999999999996, 3
345, 1.0247097847618665, 0.03101054827537753, 3.9999999999999996, 3
346, 1.0247097847618665, 0.03101054827537753, 3.9999999999999996, 3
347, 1.0247097847618665, 0.03101054827537753, 3.9999999999999996, 3
348, 1.0247097847618665, 0.03101054827537753, 3.9999999999999996, 3
349, 1.0247097847618665, 0.03101054827537753, 3.9999999999999996, 3
350, 1.0247097847618665, 0.03101054827537753, 3.9999999999999996, 3
351, 1.0247097847618665, 0.03101054827537753, 3.9999999999999996, 3
352, 1.0247097847618665, 0.03101054827537753, 3.9999999999999996, 3
353, 1.0247097847618665, 0.03101054827537753, 3.9999999999999996, 3
354, 1.0247097847618665, 0.03101054827537753, 3.9999999999999996, 3
355, 1.0247097847618665, 0.03101054827537753, 3.9999999999999996, 3
356, 1.0247097847618665, 0.03101054827537753, 3.9999999999999996, 3
357, 1.0247097847618665, 0.03101054827537753, 3.9999999999999996, 3
358, 1.0247097847618665, 0.03101054827537753, 3.9999999999999996, 3
359, 1.0247097847618665, 0.03101054827537753, 3.9999999999999996, 3
360, 1.0247097847618665, 0.03101054827537753, 3.9999999999999996, 3
361, 1.0247097847618665, 0.03101054827537753, 3.9999999999999996, 3
362, 1.0247097847618665, 0.03101054827537753, 3.9999999999999996, 3
363, 1.0247097847618665, 0.03101054827537753, 3.9999999999999996, 3
364, 1.0247097847618665, 0.03101054827537753, 3.9999999999999996, 3
365, 1.0247097847618665, 0.03101054827537753, 3.9999999999999996, 3
366, 1.0247097847618665, 0.03101054827537753, 3.9999999999999996, 3
367, 1.0247097847618665, 0.03101054827537753, 3.9999999999999996, 3
368, 1.0247097847618665, 0.03101054827537753, 3.9999999999999996, 3
369, 1.0247097847618665, 0.03101054827537753, 3.9999999999999996, 3
370, 1.0247097847618665, 0.03101054827537753, 3.9999999999999996, 3
371, 1.0247097847618665, 0.03101054827537753, 3.9999999999999996, 3
372, 1.0247097847618665, 0.03101054827537753, 3.9999999999999996, 3
373, 1.0247097847618665, 0.03101054827537753, 3.9999999999999996, 3
374, 1.0247097847618665, 0.03101054827537753, 3.9999999999999996, 3
375, 1.0247097847618665, 0.03101054827537753, 3.9999999999999996, 3
376, 1.0247097847618665, 0.03101054827537753, 3.9999999999999996, 3
377, 1.0247097847618665, 0.03101054827537753, 3.9999999999999996, 3
378, 1.0247097847618665, 0.03101054827537753, 3.9999999999999996, 3
379, 1.0247097847618665, 0.03101054827537753, 3.9999999999999996, 3
380, 1.0247097847618665, 0.03101054827537753, 3.9999999999999996, 3
381, 1.0247097847618665, 0.03101054827537753, 3.9999999999999996, 3
382, 1.0247097847618665, 0.03101054827537753, 3.9999999999999996, 3
383, 1.0247097847618665, 0.03101054827537753, 3.9999999999999996, 3
384, 1.0247097847618665, 0.03101054827537753, 3.9999999999999996, 3
385, 1.0247097847618665, 0.03101054827537753, 3.9999999999999996, 3
386, 1.0247097847618665, 0.03101054827537753, 3.9999999999999996, 3
387, 1.0247097847618665, 0.03101054827537753, 3.9999999999999996, 3
388, 1.0247097847618665, 0.03101054827537753, 3.9999999999999996, 3
389, 1.0247097847618665, 0.03101054827537753, 3.9999999999999996, 3
390, 1.0247097847618665, 0.03101054827537753, 3.9999999999999996, 3
391, 1.0247097847618665, 0.03101054827537753, 3.9999999999999996, 3
392, 1.0247097847618665, 0.03101054827537753, 3.9999999999999996, 3
393, 1.0247097847618665, 0.03101054827537753, 3.9999999999999996, 3
394, 1.0247097847618665, 0.03101054827537753, 3.9999999999999996, 3
395, 1.0247097847618665, 0.03101054827537753, 3.9999999999999996, 3
396, 1.0247097847618665, 0.03101054827537753, 3.9999999999999996, 3
397, 1.0247097847618665, 0.03101054827537753, 3.9999999999999996, 3
398, 1.0247097847618665, 0.03101054827537753, 3.9999999999999996, 3
399, 1.0247097847618665, 0.03101054827537753, 3.9999999999999996, 3
400, 1.0247097847618665, 0.03101054827537753, 3.9999999999999996, 3
401, 1.0247097847618665, 0.03101054827537753, 3.9999999999999996, 3
402, 1.0247097847618665, 0.03101054827537753, 3.9999999999999996, 3
403, 1.0247097847618665, 0.03101054827537753, 3.9999999999999996, 3
404, 1.0247097847618665, 0.03101054827537753, 3.9999999999999996, 3
405, 1.0247097847618665, 0.03101054827537753, 3.9999999999999996, 3
406, 1.0247097847618665, 0.03101054827537753, 3.9999999999999996, 3
407, 1.0247097847618665, 0.03101054827537753, 3.9999999999999996, 3
408, 1.0247097847618665, 0.03101054827537753, 3.9999999999999996, 3
409, 1.0247097847618665, 0.03101054827537753, 3.9999999999999996, 3
410, 1.0247097847618665, 0.03101054827537753, 3.9999999999999996, 3
411, 1.0247097847618665, 0.03101054827537753, 3.9999999999999996, 3
412, 1.0247097847618665, 0.03101054827537753, 3.9999999999999996, 3
413, 1.0247097847618665, 0.03101054827537753, 3.9999999999999996, 3
414, 1.0247097847618665, 0.03101054827537753, 3.9999999999999996, 3
415, 1.0247097847618665, 0.03101054827537753, 3.9999999999999996, 3
416, 1.0247097847618665, 0.03101054827537753, 3.9999999999999996, 3
417, 1.0247097847618665, 0.03101054827537753, 3.9999999999999996, 3
418, 1.0247097847618665, 0.03101054827537753, 3.9999999999999996, 3
419, 1.0247097847618665, 0.03101054827537753, 3.9999999999999996, 3
420, 1.0247097847618665, 0.03101054827537753, 3.9999999999999996, 3
421, 1.0247097847618665, 0.03101054827537753, 3.9999999999999996, 3
422, 1.0247097847618665, 0.03101054827537753, 3.9999999999999996, 3
423, 1.0247097847618665, 0.03101054827537753, 3.9999999999999996, 3
424, 1.0247097847618665, 0.03101054827537753, 3.9999999999999996, 3
425, 1.0247097847618665, 0.03101054827537753, 3.9999999999999996, 3
426, 1.0247097847618665, 0.03101054827537753, 3.9999999999999996, 3
427, 1.0247097847618665, 0.03101054827537753, 3.9999999999999996, 3
428, 1.0247097847618665, 0.03101054827537753, 3.9999999999999996, 3
429, 1.0247097847618665, 0.03101054827537753, 3.9999999999999996, 3
430, 1.0247097847618665, 0.03101054827537753, 3.9999999999999996, 3
431, 1.0247097847618665, 0.03101054827537753, 3.9999999999999996, 3
432, 1.0247097847618665, 0.03101054827537753, 3.9999999999999996, 3
433, 1.0247097847618665, 0.03101054827537753, 3.9999999999999996, 3
434, 1.0247097847618665, 0.03101054827537753, 3.9999999999999996, 3
435, 1.0247097847618665, 0.03101054827537753, 3.9999999999999996, 3
436, 1.0247097847618665, 0.03101054827537753, 3.9999999999999996, 3
437, 1.0247097847618665, 0.03101054827537753, 3.9999999999999996, 3
438, 1.0247097847618665, 0.03101054827537753, 3.9999999999999996, 3
439, 1.0247097847618665, 0.03101054827537753, 3.9999999999999996, 3
440, 1.0247097847618665, 0.03101054827537753, 3.9999999999999996, 3
441, 1.0247097847618665, 0.03101054827537753, 3.9999999999999996, 3
442, 1.0247097847618665, 0.03101054827537753, 3.9999999999999996, 3
443, 1.0247097847618665, 0.03101054827537753, 3.9999999999999996, 3
444, 1.0247097847618665, 0.03101054827537753, 3.9999999999999996, 3
445, 1.0247097847618665, 0.03101054827537753, 3.9999999999999996, 3
446, 1.0247097847618665, 0.03101054827537753, 3.9999999999999996, 3
447, 1.0247097847618665, 0.03101054827537753, 3.9999999999999996, 3
448, 1.0247097847618665, 0.03101054827537753, 3.9999999999999996, 3
449, 1.0247097847618665, 0.03101054827537753, 3.9999999999999996, 3
450, 1.0247097847618665, 0.03101054827537753, 3.9999999999999996, 3
451, 1.0247097847618665, 0.03101054827537753, 3.9999999999999996, 3
452, 1.0247097847618665, 0.03101054827537753, 3.9999999999999996, 3
453, 1.0247097847618665, 0.03101054827537753, 3.9999999999999996, 3
454, 1.0247097847618665, 0.03101054827537753, 3.9999999999999996, 3
455, 1.0247097847618665, 0.03101054827537753, 3.9999999999999996, 3
456, 1.0247097847618665, 0.03101054827537753, 3.9999999999999996, 3
457, 1.0247097847618665, 0.03101054827537753, 3.9999999999999996, 3
458, 1.0247097847618665, 0.03101054827537753, 3.9999999999999996, 3
459, 1.0247097847618665, 0.03101054827537753, 3.9999999999999996, 3
460, 1.0247097847618665, 0.03101054827537753, 3.9999999999999996, 3
461, 1.0247097847618665, 0.03101054827537753, 3.9999999999999996, 3
462, 1.0247097847618665, 0.03101054827537753, 3.9999999999999996, 3
463, 1.0247097847618665, 0.03101054827537753, 3.9999999999999996, 3
464, 1.0247097847618665, 0.03101054827537753, 3.9999999999999996, 3
465, 1.0247097847618665, 0.03101054827537753, 3.9999999999999996, 3
466, 1.0247097847618665, 0.03101054827537753, 3.9999999999999996, 3
467, 1.0247097847618665, 0.03101054827537753, 3.9999999999999996, 3
468, 1.0247097847618665, 0.03101054827537753, 3.9999999999999996, 3
469, 1.0247097847618665, 0.03101054827537753, 3.9999999999999996, 3
470, 1.0247097847618665, 0.03101054827537753, 3.9999999999999996, 3
471, 1.0247097847618665, 0.03101054827537753, 3.9999999999999996, 3
472, 1.0247097847618665, 0.03101054827537753, 3.9999999999999996, 3
473, 1.0247097847618665, 0.03101054827537753, 3.9999999999999996, 3
474, 1.0247097847618665, 0.03101054827537753, 3.9999999999999996, 3
475, 1.0247097847618665, 0.03101054827537753, 3.9999999999999996, 3
476, 1.0247097847618665, 0.03101054827537753, 3.9999999999999996, 3
477, 1.0247097847618665, 0.03101054827537753, 3.9999999999999996, 3
478, 1.0247097847618665, 0.03101054827537753, 3.9999999999999996, 3
479, 1.0247097847618665, 0.03101054827537753, 3.9999999999999996, 3
480, 1.0247097847618665, 0.03101054827537753, 3.9999999999999996, 3
481, 1.0247097847618665, 0.03101054827537753, 3.9999999999999996, 3
482, 1.0247097847618665, 0.03101054827537753, 3.9999999999999996, 3
483, 1.0247097847618665, 0.03101054827537753, 3.9999999999999996, 3
484, 1.0247097847618665, 0.03101054827537753, 3.9999999999999996, 3
485, 1.0247097847618665, 0.03101054827537753, 3.9999999999999996, 3
486, 1.0247097847618665, 0.03101054827537753, 3.9999999999999996, 3
487, 1.0247097847618665, 0.03101054827537753, 3.9999999999999996, 3
488, 1.0247097847618665, 0.03101054827537753, 3.9999999999999996, 3
489, 1.0247097847618665, 0.03101054827537753, 3.9999999999999996, 3
490, 1.0247097847618665, 0.03101054827537753, 3.9999999999999996, 3
491, 1.0247097847618665, 0.03101054827537753, 3.9999999999999996, 3
492, 1.0247097847618665, 0.03101054827537753, 3.9999999999999996, 3
493, 1.0247097847618665, 0.03101054827537753, 3.9999999999999996, 3
494, 1.0247097847618665, 0.03101054827537753, 3.9999999999999996, 3
495, 1.0247097847618665, 0.03101054827537753, 3.9999999999999996, 3
496, 1.0247097847618665, 0.03101054827537753, 3.9999999999999996, 3
497, 1.0247097847618665, 0.03101054827537753, 3.9999999999999996, 3
498, 1.0247097847618665, 0.03101054827537753, 3.9999999999999996, 3
499, 1.0247097847618665, 0.03101054827537753, 3.9999999999999996, 3
500, 1.0247097847618665, 0.03101054827537753, 3.9999999999999996, 3
501, 1.0247097847618665, 0.03101054827537753, 3.9999999999999996, 3
