evals, mean, best, worst, success num
1, 3.576778917843933, 2.8588354932727724, 3.9999999999999996, 0
2, 3.576778917843933, 2.8588354932727724, 3.9999999999999996, 0
3, 3.5740314421114086, 3.292163089672398, 3.856702009763135, 0
4, 3.5740314421114086, 3.292163089672398, 3.856702009763135, 0
5, 3.5740314421114086, 3.292163089672398, 3.856702009763135, 0
6, 3.5669299635798546, 2.7405925314042587, 3.9999999999999996, 0
7, 3.5669299635798546, 2.7405925314042587, 3.9999999999999996, 0
8, 3.5669299635798546, 2.7405925314042587, 3.9999999999999996, 0
9, 3.4501832659933944, 2.20151607172971, 3.9999999999999996, 0
10, 3.4501832659933944, 2.20151607172971, 3.9999999999999996, 0
11, 3.4501832659933944, 2.20151607172971, 3.9999999999999996, 0
12, 3.4501832659933944, 2.20151607172971, 3.9999999999999996, 0
13, 3.0825938312130416, 2.2880926457275854, 3.931965239569342, 0
14, 3.0825938312130416, 2.2880926457275854, 3.931965239569342, 0
15, 3.0825938312130416, 2.2880926457275854, 3.931965239569342, 0
16, 3.0825938312130416, 2.2880926457275854, 3.931965239569342, 0
17, 3.0825938312130416, 2.2880926457275854, 3.931965239569342, 0
18, 3.0825938312130416, 2.2880926457275854, 3.931965239569342, 0
19, 3.0825938312130416, 2.2880926457275854, 3.931965239569342, 0
20, 3.0309034953155094, 2.0800226244756774, 3.9999999999999996, 0
21, 3.0309034953155094, 2.0800226244756774, 3.9999999999999996, 0
22, 3.0309034953155094, 2.0800226244756774, 3.9999999999999996, 0
23, 3.0309034953155094, 2.0800226244756774, 3.9999999999999996, 0
24, 3.0309034953155094, 2.0800226244756774, 3.9999999999999996, 0
25, 3.0309034953155094, 2.0800226244756774, 3.9999999999999996, 0
26, 3.0309034953155094, 2.0800226244756774, 3.9999999999999996, 0
27, 3.0309034953155094, 2.0800226244756774, 3.9999999999999996, 0
28, 3.0309034953155094, 2.0800226244756774, 3.9999999999999996, 0
29, 3.0309034953155094, 2.0800226244756774, 3.9999999999999996, 0
30, 3.0309034953155094, 2.0800226244756774, 3.9999999999999996, 0
31, 3.0309034953155094, 2.0800226244756774, 3.9999999999999996, 0
32, 3.0309034953155094, 2.0800226244756774, 3.9999999999999996, 0
33, 3.0309034953155094, 2.0800226244756774, 3.9999999999999996, 0
34, 3.0309034953155094, 2.0800226244756774, 3.9999999999999996, 0
35, 3.0309034953155094, 2.0800226244756774, 3.9999999999999996, 0
36, 3.0309034953155094, 2.0800226244756774, 3.9999999999999996, 0
37, 3.0309034953155094, 2.0800226244756774, 3.9999999999999996, 0
38, 3.0309034953155094, 2.0800226244756774, 3.9999999999999996, 0
39, 3.0309034953155094, 2.0800226244756774, 3.9999999999999996, 0
40, 3.0309034953155094, 2.0800226244756774, 3.9999999999999996, 0
41, 3.0309034953155094, 2.0800226244756774, 3.9999999999999996, 0
42, 3.0309034953155094, 2.0800226244756774, 3.9999999999999996, 0
43, 3.0309034953155094, 2.0800226244756774, 3.9999999999999996, 0
44, 3.0309034953155094, 2.0800226244756774, 3.9999999999999996, 0
45, 3.0309034953155094, 2.0800226244756774, 3.9999999999999996, 0
46, 2.877785507777891, 1.8655695382787474, 3.989420661402053, 0
47, 2.877785507777891, 1.8655695382787474, 3.989420661402053, 0
48, 2.877785507777891, 1.8655695382787474, 3.989420661402053, 0
49, 2.877785507777891, 1.8655695382787474, 3.989420661402053, 0
50, 2.877785507777891, 1.8655695382787474, 3.989420661402053, 0
51, 2.877785507777891, 1.8655695382787474, 3.989420661402053, 0
52, 2.877785507777891, 1.8655695382787474, 3.989420661402053, 0
53, 1.9368365527081841, 0.03775070035051861, 3.5618798920146904, 1
54, 1.9368365527081841, 0.03775070035051861, 3.5618798920146904, 1
55, 1.9368365527081841, 0.03775070035051861, 3.5618798920146904, 1
56, 1.9368365527081841, 0.03775070035051861, 3.5618798920146904, 1
57, 1.9368365527081841, 0.03775070035051861, 3.5618798920146904, 1
58, 1.9368365527081841, 0.03775070035051861, 3.5618798920146904, 1
59, 1.9368365527081841, 0.03775070035051861, 3.5618798920146904, 1
60, 1.9368365527081841, 0.03775070035051861, 3.5618798920146904, 1
61, 1.9368365527081841, 0.03775070035051861, 3.5618798920146904, 1
62, 1.9368365527081841, 0.03775070035051861, 3.5618798920146904, 1
63, 1.9368365527081841, 0.03775070035051861, 3.5618798920146904, 1
64, 1.9368365527081841, 0.03775070035051861, 3.5618798920146904, 1
65, 1.9368365527081841, 0.03775070035051861, 3.5618798920146904, 1
66, 1.9368365527081841, 0.03775070035051861, 3.5618798920146904, 1
67, 1.9368365527081841, 0.03775070035051861, 3.5618798920146904, 1
68, 1.7835313538750361, 0.031338630235250055, 3.5041035859662713, 1
69, 1.7835313538750361, 0.031338630235250055, 3.5041035859662713, 1
70, 1.7835313538750361, 0.031338630235250055, 3.5041035859662713, 1
71, 1.7835313538750361, 0.031338630235250055, 3.5041035859662713, 1
72, 1.7835313538750361, 0.031338630235250055, 3.5041035859662713, 1
73, 1.7835313538750361, 0.031338630235250055, 3.5041035859662713, 1
74, 1.7835313538750361, 0.031338630235250055, 3.5041035859662713, 1
75, 1.7835313538750361, 0.031338630235250055, 3.5041035859662713, 1
76, 1.7835313538750361, 0.031338630235250055, 3.5041035859662713, 1
77, 1.7835313538750361, 0.031338630235250055, 3.5041035859662713, 1
78, 1.7835313538750361, 0.031338630235250055, 3.5041035859662713, 1
79, 1.7835313538750361, 0.031338630235250055, 3.5041035859662713, 1
80, 1.7835313538750361, 0.031338630235250055, 3.5041035859662713, 1
81, 1.7835313538750361, 0.031338630235250055, 3.5041035859662713, 1
82, 1.7835313538750361, 0.031338630235250055, 3.5041035859662713, 1
83, 1.7835313538750361, 0.031338630235250055, 3.5041035859662713, 1
84, 1.7835313538750361, 0.031338630235250055, 3.5041035859662713, 1
85, 1.7835313538750361, 0.031338630235250055, 3.5041035859662713, 1
86, 1.7835313538750361, 0.031338630235250055, 3.5041035859662713, 1
87, 1.7835313538750361, 0.031338630235250055, 3.5041035859662713, 1
88, 1.7835313538750361, 0.031338630235250055, 3.5041035859662713, 1
89, 1.7835313538750361, 0.031338630235250055, 3.5041035859662713, 1
90, 1.7835313538750361, 0.031338630235250055, 3.5041035859662713, 1
91, 1.7835313538750361, 0.031338630235250055, 3.5041035859662713, 1
92, 1.7835313538750361, 0.031338630235250055, 3.5041035859662713, 1
93, 1.7835313538750361, 0.031338630235250055, 3.5041035859662713, 1
94, 1.7835313538750361, 0.031338630235250055, 3.5041035859662713, 1
95, 1.7835313538750361, 0.031338630235250055, 3.5041035859662713, 1
96, 1.7835313538750361, 0.031338630235250055, 3.5041035859662713, 1
97, 1.7835313538750361, 0.031338630235250055, 3.5041035859662713, 1
98, 1.7835313538750361, 0.031338630235250055, 3.5041035859662713, 1
99, 1.7835313538750361, 0.031338630235250055, 3.5041035859662713, 1
100, 1.7835313538750361, 0.031338630235250055, 3.5041035859662713, 1
101, 1.7835313538750361, 0.031338630235250055, 3.5041035859662713, 1
102, 1.7835313538750361, 0.031338630235250055, 3.5041035859662713, 1
103, 1.7835313538750361, 0.031338630235250055, 3.5041035859662713, 1
104, 1.7835313538750361, 0.031338630235250055, 3.5041035859662713, 1
105, 1.7835313538750361, 0.031338630235250055, 3.5041035859662713, 1
106, 1.7835313538750361, 0.031338630235250055, 3.5041035859662713, 1
107, 1.7835313538750361, 0.031338630235250055, 3.5041035859662713, 1
108, 1.7835313538750361, 0.031338630235250055, 3.5041035859662713, 1
109, 1.7835313538750361, 0.031338630235250055, 3.5041035859662713, 1
110, 1.7835313538750361, 0.031338630235250055, 3.5041035859662713, 1
111, 1.7835313538750361, 0.031338630235250055, 3.5041035859662713, 1
112, 1.7835313538750361, 0.031338630235250055, 3.5041035859662713, 1
113, 1.7835313538750361, 0.031338630235250055, 3.5041035859662713, 1
114, 1.7835313538750361, 0.031338630235250055, 3.5041035859662713, 1
115, 1.7835313538750361, 0.031338630235250055, 3.5041035859662713, 1
116, 1.7835313538750361, 0.031338630235250055, 3.5041035859662713, 1
117, 1.7835313538750361, 0.031338630235250055, 3.5041035859662713, 1
118, 1.7835313538750361, 0.031338630235250055, 3.5041035859662713, 1
119, 1.7835313538750361, 0.031338630235250055, 3.5041035859662713, 1
120, 1.7835313538750361, 0.031338630235250055, 3.5041035859662713, 1
121, 1.7835313538750361, 0.031338630235250055, 3.5041035859662713, 1
122, 1.7835313538750361, 0.031338630235250055, 3.5041035859662713, 1
123, 1.7835313538750361, 0.031338630235250055, 3.5041035859662713, 1
124, 1.7835313538750361, 0.031338630235250055, 3.5041035859662713, 1
125, 1.7835313538750361, 0.031338630235250055, 3.5041035859662713, 1
126, 1.7835313538750361, 0.031338630235250055, 3.5041035859662713, 1
127, 1.7835313538750361, 0.031338630235250055, 3.5041035859662713, 1
128, 1.7835313538750361, 0.031338630235250055, 3.5041035859662713, 1
129, 1.7835313538750361, 0.031338630235250055, 3.5041035859662713, 1
130, 1.7835313538750361, 0.031338630235250055, 3.5041035859662713, 1
131, 1.7835313538750361, 0.031338630235250055, 3.5041035859662713, 1
132, 1.7835313538750361, 0.031338630235250055, 3.5041035859662713, 1
133, 1.7835313538750361, 0.031338630235250055, 3.5041035859662713, 1
134, 1.7835313538750361, 0.031338630235250055, 3.5041035859662713, 1
135, 1.7835313538750361, 0.031338630235250055, 3.5041035859662713, 1
136, 1.7835313538750361, 0.031338630235250055, 3.5041035859662713, 1
137, 1.7835313538750361, 0.031338630235250055, 3.5041035859662713, 1
138, 1.7835313538750361, 0.031338630235250055, 3.5041035859662713, 1
139, 1.7835313538750361, 0.031338630235250055, 3.5041035859662713, 1
140, 1.7835313538750361, 0.031338630235250055, 3.5041035859662713, 1
141, 1.7835313538750361, 0.031338630235250055, 3.5041035859662713, 1
142, 1.7835313538750361, 0.031338630235250055, 3.5041035859662713, 1
143, 1.7835313538750361, 0.031338630235250055, 3.5041035859662713, 1
144, 1.7835313538750361, 0.031338630235250055, 3.5041035859662713, 1
145, 1.7835313538750361, 0.031338630235250055, 3.5041035859662713, 1
146, 1.7835313538750361, 0.031338630235250055, 3.5041035859662713, 1
147, 1.7835313538750361, 0.031338630235250055, 3.5041035859662713, 1
148, 1.7835313538750361, 0.031338630235250055, 3.5041035859662713, 1
149, 1.7835313538750361, 0.031338630235250055, 3.5041035859662713, 1
150, 1.7835313538750361, 0.031338630235250055, 3.5041035859662713, 1
151, 1.7835313538750361, 0.031338630235250055, 3.5041035859662713, 1
152, 1.7835313538750361, 0.031338630235250055, 3.5041035859662713, 1
153, 1.7835313538750361, 0.031338630235250055, 3.5041035859662713, 1
154, 1.7835313538750361, 0.031338630235250055, 3.5041035859662713, 1
155, 1.7835313538750361, 0.031338630235250055, 3.5041035859662713, 1
156, 1.7835313538750361, 0.031338630235250055, 3.5041035859662713, 1
157, 1.7835313538750361, 0.031338630235250055, 3.5041035859662713, 1
158, 1.7835313538750361, 0.031338630235250055, 3.5041035859662713, 1
159, 1.7835313538750361, 0.031338630235250055, 3.5041035859662713, 1
160, 1.7835313538750361, 0.031338630235250055, 3.5041035859662713, 1
161, 1.7835313538750361, 0.031338630235250055, 3.5041035859662713, 1
162, 1.7835313538750361, 0.031338630235250055, 3.5041035859662713, 1
163, 1.7835313538750361, 0.031338630235250055, 3.5041035859662713, 1
164, 1.7835313538750361, 0.031338630235250055, 3.5041035859662713, 1
165, 1.7835313538750361, 0.031338630235250055, 3.5041035859662713, 1
166, 1.7835313538750361, 0.031338630235250055, 3.5041035859662713, 1
167, 1.7835313538750361, 0.031338630235250055, 3.5041035859662713, 1
168, 1.7835313538750361, 0.031338630235250055, 3.5041035859662713, 1
169, 1.7835313538750361, 0.031338630235250055, 3.5041035859662713, 1
170, 1.7835313538750361, 0.031338630235250055, 3.5041035859662713, 1
171, 1.7835313538750361, 0.031338630235250055, 3.5041035859662713, 1
172, 1.7835313538750361, 0.031338630235250055, 3.5041035859662713, 1
173, 1.7835313538750361, 0.031338630235250055, 3.5041035859662713, 1
174, 1.7835313538750361, 0.031338630235250055, 3.5041035859662713, 1
175, 1.7835313538750361, 0.031338630235250055, 3.5041035859662713, 1
176, 1.7835313538750361, 0.031338630235250055, 3.5041035859662713, 1
177, 1.7835313538750361, 0.031338630235250055, 3.5041035859662713, 1
178, 1.7835313538750361, 0.031338630235250055, 3.5041035859662713, 1
179, 1.7835313538750361, 0.031338630235250055, 3.5041035859662713, 1
180, 1.7835313538750361, 0.031338630235250055, 3.5041035859662713, 1
181, 1.7835313538750361, 0.031338630235250055, 3.5041035859662713, 1
182, 1.7835313538750361, 0.031338630235250055, 3.5041035859662713, 1
183, 1.7835313538750361, 0.031338630235250055, 3.5041035859662713, 1
184, 1.7835313538750361, 0.031338630235250055, 3.5041035859662713, 1
185, 1.7835313538750361, 0.031338630235250055, 3.5041035859662713, 1
186, 1.7835313538750361, 0.031338630235250055, 3.5041035859662713, 1
187, 1.7835313538750361, 0.031338630235250055, 3.5041035859662713, 1
188, 1.7835313538750361, 0.031338630235250055, 3.5041035859662713, 1
189, 1.7835313538750361, 0.031338630235250055, 3.5041035859662713, 1
190, 1.7835313538750361, 0.031338630235250055, 3.5041035859662713, 1
191, 1.7835313538750361, 0.031338630235250055, 3.5041035859662713, 1
192, 1.7835313538750361, 0.031338630235250055, 3.5041035859662713, 1
193, 1.7835313538750361, 0.031338630235250055, 3.5041035859662713, 1
194, 1.7835313538750361, 0.031338630235250055, 3.5041035859662713, 1
195, 1.7835313538750361, 0.031338630235250055, 3.5041035859662713, 1
196, 1.7835313538750361, 0.031338630235250055, 3.5041035859662713, 1
197, 1.7835313538750361, 0.031338630235250055, 3.5041035859662713, 1
198, 1.7835313538750361, 0.031338630235250055, 3.5041035859662713, 1
199, 1.7835313538750361, 0.031338630235250055, 3.5041035859662713, 1
200, 1.7835313538750361, 0.031338630235250055, 3.5041035859662713, 1
201, 1.7835313538750361, 0.031338630235250055, 3.5041035859662713, 1
202, 1.7835313538750361, 0.031338630235250055, 3.5041035859662713, 1
203, 1.7835313538750361, 0.031338630235250055, 3.5041035859662713, 1
204, 1.7835313538750361, 0.031338630235250055, 3.5041035859662713, 1
205, 1.7835313538750361, 0.031338630235250055, 3.5041035859662713, 1
206, 1.7835313538750361, 0.031338630235250055, 3.5041035859662713, 1
207, 1.7835313538750361, 0.031338630235250055, 3.5041035859662713, 1
208, 1.7835313538750361, 0.031338630235250055, 3.5041035859662713, 1
209, 1.7835313538750361, 0.031338630235250055, 3.5041035859662713, 1
210, 1.7835313538750361, 0.031338630235250055, 3.5041035859662713, 1
211, 1.7835313538750361, 0.031338630235250055, 3.5041035859662713, 1
212, 1.7835313538750361, 0.031338630235250055, 3.5041035859662713, 1
213, 1.7835313538750361, 0.031338630235250055, 3.5041035859662713, 1
214, 1.7835313538750361, 0.031338630235250055, 3.5041035859662713, 1
215, 1.7835313538750361, 0.031338630235250055, 3.5041035859662713, 1
216, 1.7835313538750361, 0.031338630235250055, 3.5041035859662713, 1
217, 1.7835313538750361, 0.031338630235250055, 3.5041035859662713, 1
218, 1.7835313538750361, 0.031338630235250055, 3.5041035859662713, 1
219, 1.7835313538750361, 0.031338630235250055, 3.5041035859662713, 1
220, 1.7835313538750361, 0.031338630235250055, 3.5041035859662713, 1
221, 1.7835313538750361, 0.031338630235250055, 3.5041035859662713, 1
222, 1.7835313538750361, 0.031338630235250055, 3.5041035859662713, 1
223, 1.7835313538750361, 0.031338630235250055, 3.5041035859662713, 1
224, 1.7835313538750361, 0.031338630235250055, 3.5041035859662713, 1
225, 1.7835313538750361, 0.031338630235250055, 3.5041035859662713, 1
226, 1.7835313538750361, 0.031338630235250055, 3.5041035859662713, 1
227, 1.7835313538750361, 0.031338630235250055, 3.5041035859662713, 1
228, 1.7835313538750361, 0.031338630235250055, 3.5041035859662713, 1
229, 1.7835313538750361, 0.031338630235250055, 3.5041035859662713, 1
230, 1.7835313538750361, 0.031338630235250055, 3.5041035859662713, 1
231, 1.7835313538750361, 0.031338630235250055, 3.5041035859662713, 1
232, 1.7835313538750361, 0.031338630235250055, 3.5041035859662713, 1
233, 1.7835313538750361, 0.031338630235250055, 3.5041035859662713, 1
234, 1.7835313538750361, 0.031338630235250055, 3.5041035859662713, 1
235, 1.7835313538750361, 0.031338630235250055, 3.5041035859662713, 1
236, 1.7835313538750361, 0.031338630235250055, 3.5041035859662713, 1
237, 1.7835313538750361, 0.031338630235250055, 3.5041035859662713, 1
238, 1.7835313538750361, 0.031338630235250055, 3.5041035859662713, 1
239, 1.7835313538750361, 0.031338630235250055, 3.5041035859662713, 1
240, 1.7835313538750361, 0.031338630235250055, 3.5041035859662713, 1
241, 1.7835313538750361, 0.031338630235250055, 3.5041035859662713, 1
242, 1.7835313538750361, 0.031338630235250055, 3.5041035859662713, 1
243, 1.7835313538750361, 0.031338630235250055, 3.5041035859662713, 1
244, 1.7835313538750361, 0.031338630235250055, 3.5041035859662713, 1
245, 1.7835313538750361, 0.031338630235250055, 3.5041035859662713, 1
246, 1.7835313538750361, 0.031338630235250055, 3.5041035859662713, 1
247, 1.7835313538750361, 0.031338630235250055, 3.5041035859662713, 1
248, 1.7835313538750361, 0.031338630235250055, 3.5041035859662713, 1
249, 1.7835313538750361, 0.031338630235250055, 3.5041035859662713, 1
250, 1.7835313538750361, 0.031338630235250055, 3.5041035859662713, 1
251, 1.7835313538750361, 0.031338630235250055, 3.5041035859662713, 1
252, 1.7835313538750361, 0.031338630235250055, 3.5041035859662713, 1
253, 1.7835313538750361, 0.031338630235250055, 3.5041035859662713, 1
254, 1.7835313538750361, 0.031338630235250055, 3.5041035859662713, 1
255, 1.7835313538750361, 0.031338630235250055, 3.5041035859662713, 1
256, 1.7835313538750361, 0.031338630235250055, 3.5041035859662713, 1
257, 1.7835313538750361, 0.031338630235250055, 3.5041035859662713, 1
258, 1.7835313538750361, 0.031338630235250055, 3.5041035859662713, 1
259, 1.7835313538750361, 0.031338630235250055, 3.5041035859662713, 1
260, 1.7835313538750361, 0.031338630235250055, 3.5041035859662713, 1
261, 1.7835313538750361, 0.031338630235250055, 3.5041035859662713, 1
262, 1.7835313538750361, 0.031338630235250055, 3.5041035859662713, 1
263, 1.7835313538750361, 0.031338630235250055, 3.5041035859662713, 1
264, 1.7835313538750361, 0.031338630235250055, 3.5041035859662713, 1
265, 1.7835313538750361, 0.031338630235250055, 3.5041035859662713, 1
266, 1.7835313538750361, 0.031338630235250055, 3.5041035859662713, 1
267, 1.7835313538750361, 0.031338630235250055, 3.5041035859662713, 1
268, 1.7835313538750361, 0.031338630235250055, 3.5041035859662713, 1
269, 1.7835313538750361, 0.031338630235250055, 3.5041035859662713, 1
270, 1.7835313538750361, 0.031338630235250055, 3.5041035859662713, 1
271, 1.7835313538750361, 0.031338630235250055, 3.5041035859662713, 1
272, 1.7835313538750361, 0.031338630235250055, 3.5041035859662713, 1
273, 1.7835313538750361, 0.031338630235250055, 3.5041035859662713, 1
274, 1.7835313538750361, 0.031338630235250055, 3.5041035859662713, 1
275, 1.7835313538750361, 0.031338630235250055, 3.5041035859662713, 1
276, 1.7835313538750361, 0.031338630235250055, 3.5041035859662713, 1
277, 1.7835313538750361, 0.031338630235250055, 3.5041035859662713, 1
278, 1.7835313538750361, 0.031338630235250055, 3.5041035859662713, 1
279, 1.7835313538750361, 0.031338630235250055, 3.5041035859662713, 1
280, 1.7835313538750361, 0.031338630235250055, 3.5041035859662713, 1
281, 1.7835313538750361, 0.031338630235250055, 3.5041035859662713, 1
282, 1.7835313538750361, 0.031338630235250055, 3.5041035859662713, 1
283, 1.7835313538750361, 0.031338630235250055, 3.5041035859662713, 1
284, 1.7835313538750361, 0.031338630235250055, 3.5041035859662713, 1
285, 1.7835313538750361, 0.031338630235250055, 3.5041035859662713, 1
286, 1.7835313538750361, 0.031338630235250055, 3.5041035859662713, 1
287, 1.7835313538750361, 0.031338630235250055, 3.5041035859662713, 1
288, 1.7835313538750361, 0.031338630235250055, 3.5041035859662713, 1
289, 1.7835313538750361, 0.031338630235250055, 3.5041035859662713, 1
290, 1.7835313538750361, 0.031338630235250055, 3.5041035859662713, 1
291, 1.7835313538750361, 0.031338630235250055, 3.5041035859662713, 1
292, 1.7835313538750361, 0.031338630235250055, 3.5041035859662713, 1
293, 1.7835313538750361, 0.031338630235250055, 3.5041035859662713, 1
294, 1.7835313538750361, 0.031338630235250055, 3.5041035859662713, 1
295, 1.7835313538750361, 0.031338630235250055, 3.5041035859662713, 1
296, 1.7835313538750361, 0.031338630235250055, 3.5041035859662713, 1
297, 1.7835313538750361, 0.031338630235250055, 3.5041035859662713, 1
298, 1.7835313538750361, 0.031338630235250055, 3.5041035859662713, 1
299, 1.7835313538750361, 0.031338630235250055, 3.5041035859662713, 1
300, 1.7835313538750361, 0.031338630235250055, 3.5041035859662713, 1
301, 1.7835313538750361, 0.031338630235250055, 3.5041035859662713, 1
302, 1.7835313538750361, 0.031338630235250055, 3.5041035859662713, 1
303, 1.7835313538750361, 0.031338630235250055, 3.5041035859662713, 1
304, 1.7835313538750361, 0.031338630235250055, 3.5041035859662713, 1
305, 1.7835313538750361, 0.031338630235250055, 3.5041035859662713, 1
306, 1.7835313538750361, 0.031338630235250055, 3.5041035859662713, 1
307, 1.7835313538750361, 0.031338630235250055, 3.5041035859662713, 1
308, 1.7835313538750361, 0.031338630235250055, 3.5041035859662713, 1
309, 1.7835313538750361, 0.031338630235250055, 3.5041035859662713, 1
310, 1.7835313538750361, 0.031338630235250055, 3.5041035859662713, 1
311, 1.7835313538750361, 0.031338630235250055, 3.5041035859662713, 1
312, 1.7835313538750361, 0.031338630235250055, 3.5041035859662713, 1
313, 1.7835313538750361, 0.031338630235250055, 3.5041035859662713, 1
314, 1.7835313538750361, 0.031338630235250055, 3.5041035859662713, 1
315, 1.7835313538750361, 0.031338630235250055, 3.5041035859662713, 1
316, 1.7835313538750361, 0.031338630235250055, 3.5041035859662713, 1
317, 1.7835313538750361, 0.031338630235250055, 3.5041035859662713, 1
318, 1.7835313538750361, 0.031338630235250055, 3.5041035859662713, 1
319, 1.7835313538750361, 0.031338630235250055, 3.5041035859662713, 1
320, 1.7835313538750361, 0.031338630235250055, 3.5041035859662713, 1
321, 1.7835313538750361, 0.031338630235250055, 3.5041035859662713, 1
322, 1.7835313538750361, 0.031338630235250055, 3.5041035859662713, 1
323, 1.7835313538750361, 0.031338630235250055, 3.5041035859662713, 1
324, 1.7835313538750361, 0.031338630235250055, 3.5041035859662713, 1
325, 1.7835313538750361, 0.031338630235250055, 3.5041035859662713, 1
326, 1.7835313538750361, 0.031338630235250055, 3.5041035859662713, 1
327, 1.7835313538750361, 0.031338630235250055, 3.5041035859662713, 1
328, 1.7835313538750361, 0.031338630235250055, 3.5041035859662713, 1
329, 1.7835313538750361, 0.031338630235250055, 3.5041035859662713, 1
330, 1.7835313538750361, 0.031338630235250055, 3.5041035859662713, 1
331, 1.7835313538750361, 0.031338630235250055, 3.5041035859662713, 1
332, 1.7835313538750361, 0.031338630235250055, 3.5041035859662713, 1
333, 1.7835313538750361, 0.031338630235250055, 3.5041035859662713, 1
334, 1.7835313538750361, 0.031338630235250055, 3.5041035859662713, 1
335, 1.7835313538750361, 0.031338630235250055, 3.5041035859662713, 1
336, 1.7835313538750361, 0.031338630235250055, 3.5041035859662713, 1
337, 1.7835313538750361, 0.031338630235250055, 3.5041035859662713, 1
338, 1.7835313538750361, 0.031338630235250055, 3.5041035859662713, 1
339, 1.7835313538750361, 0.031338630235250055, 3.5041035859662713, 1
340, 1.7835313538750361, 0.031338630235250055, 3.5041035859662713, 1
341, 1.7835313538750361, 0.031338630235250055, 3.5041035859662713, 1
342, 1.7835313538750361, 0.031338630235250055, 3.5041035859662713, 1
343, 1.7835313538750361, 0.031338630235250055, 3.5041035859662713, 1
344, 1.7835313538750361, 0.031338630235250055, 3.5041035859662713, 1
345, 1.7835313538750361, 0.031338630235250055, 3.5041035859662713, 1
346, 1.7835313538750361, 0.031338630235250055, 3.5041035859662713, 1
347, 1.7835313538750361, 0.031338630235250055, 3.5041035859662713, 1
348, 1.7835313538750361, 0.031338630235250055, 3.5041035859662713, 1
349, 1.7835313538750361, 0.031338630235250055, 3.5041035859662713, 1
350, 1.7835313538750361, 0.031338630235250055, 3.5041035859662713, 1
351, 1.7835313538750361, 0.031338630235250055, 3.5041035859662713, 1
352, 1.7835313538750361, 0.031338630235250055, 3.5041035859662713, 1
353, 1.7835313538750361, 0.031338630235250055, 3.5041035859662713, 1
354, 1.7835313538750361, 0.031338630235250055, 3.5041035859662713, 1
355, 1.7835313538750361, 0.031338630235250055, 3.5041035859662713, 1
356, 1.7835313538750361, 0.031338630235250055, 3.5041035859662713, 1
357, 1.7835313538750361, 0.031338630235250055, 3.5041035859662713, 1
358, 1.7835313538750361, 0.031338630235250055, 3.5041035859662713, 1
359, 1.7835313538750361, 0.031338630235250055, 3.5041035859662713, 1
360, 1.7835313538750361, 0.031338630235250055, 3.5041035859662713, 1
361, 1.7835313538750361, 0.031338630235250055, 3.5041035859662713, 1
362, 1.7835313538750361, 0.031338630235250055, 3.5041035859662713, 1
363, 1.7835313538750361, 0.031338630235250055, 3.5041035859662713, 1
364, 1.7835313538750361, 0.031338630235250055, 3.5041035859662713, 1
365, 1.7835313538750361, 0.031338630235250055, 3.5041035859662713, 1
366, 1.7835313538750361, 0.031338630235250055, 3.5041035859662713, 1
367, 1.7835313538750361, 0.031338630235250055, 3.5041035859662713, 1
368, 1.7835313538750361, 0.031338630235250055, 3.5041035859662713, 1
369, 1.7835313538750361, 0.031338630235250055, 3.5041035859662713, 1
370, 1.7835313538750361, 0.031338630235250055, 3.5041035859662713, 1
371, 1.7835313538750361, 0.031338630235250055, 3.5041035859662713, 1
372, 1.7835313538750361, 0.031338630235250055, 3.5041035859662713, 1
373, 1.7835313538750361, 0.031338630235250055, 3.5041035859662713, 1
374, 1.7835313538750361, 0.031338630235250055, 3.5041035859662713, 1
375, 1.7835313538750361, 0.031338630235250055, 3.5041035859662713, 1
376, 1.7835313538750361, 0.031338630235250055, 3.5041035859662713, 1
377, 1.7835313538750361, 0.031338630235250055, 3.5041035859662713, 1
378, 1.7835313538750361, 0.031338630235250055, 3.5041035859662713, 1
379, 1.7835313538750361, 0.031338630235250055, 3.5041035859662713, 1
380, 1.7835313538750361, 0.031338630235250055, 3.5041035859662713, 1
381, 1.7835313538750361, 0.031338630235250055, 3.5041035859662713, 1
382, 1.7835313538750361, 0.031338630235250055, 3.5041035859662713, 1
383, 1.7835313538750361, 0.031338630235250055, 3.5041035859662713, 1
384, 1.7835313538750361, 0.031338630235250055, 3.5041035859662713, 1
385, 1.7835313538750361, 0.031338630235250055, 3.5041035859662713, 1
386, 1.7835313538750361, 0.031338630235250055, 3.5041035859662713, 1
387, 1.7835313538750361, 0.031338630235250055, 3.5041035859662713, 1
388, 1.7835313538750361, 0.031338630235250055, 3.5041035859662713, 1
389, 1.7835313538750361, 0.031338630235250055, 3.5041035859662713, 1
390, 1.7835313538750361, 0.031338630235250055, 3.5041035859662713, 1
391, 1.7835313538750361, 0.031338630235250055, 3.5041035859662713, 1
392, 1.7835313538750361, 0.031338630235250055, 3.5041035859662713, 1
393, 1.7835313538750361, 0.031338630235250055, 3.5041035859662713, 1
394, 1.7835313538750361, 0.031338630235250055, 3.5041035859662713, 1
395, 1.7835313538750361, 0.031338630235250055, 3.5041035859662713, 1
396, 1.7835313538750361, 0.031338630235250055, 3.5041035859662713, 1
397, 1.7835313538750361, 0.031338630235250055, 3.5041035859662713, 1
398, 1.7835313538750361, 0.031338630235250055, 3.5041035859662713, 1
399, 1.7835313538750361, 0.031338630235250055, 3.5041035859662713, 1
400, 1.7835313538750361, 0.031338630235250055, 3.5041035859662713, 1
401, 1.7835313538750361, 0.031338630235250055, 3.5041035859662713, 1
402, 1.7835313538750361, 0.031338630235250055, 3.5041035859662713, 1
403, 1.7835313538750361, 0.031338630235250055, 3.5041035859662713, 1
404, 1.7835313538750361, 0.031338630235250055, 3.5041035859662713, 1
405, 1.7835313538750361, 0.031338630235250055, 3.5041035859662713, 1
406, 1.7835313538750361, 0.031338630235250055, 3.5041035859662713, 1
407, 1.7835313538750361, 0.031338630235250055, 3.5041035859662713, 1
408, 1.7835313538750361, 0.031338630235250055, 3.5041035859662713, 1
409, 1.7835313538750361, 0.031338630235250055, 3.5041035859662713, 1
410, 1.7835313538750361, 0.031338630235250055, 3.5041035859662713, 1
411, 1.7835313538750361, 0.031338630235250055, 3.5041035859662713, 1
412, 1.7835313538750361, 0.031338630235250055, 3.5041035859662713, 1
413, 1.7835313538750361, 0.031338630235250055, 3.5041035859662713, 1
414, 1.7835313538750361, 0.031338630235250055, 3.5041035859662713, 1
415, 1.7835313538750361, 0.031338630235250055, 3.5041035859662713, 1
416, 1.7835313538750361, 0.031338630235250055, 3.5041035859662713, 1
417, 1.7835313538750361, 0.031338630235250055, 3.5041035859662713, 1
418, 1.7835313538750361, 0.031338630235250055, 3.5041035859662713, 1
419, 1.7835313538750361, 0.031338630235250055, 3.5041035859662713, 1
420, 1.7835313538750361, 0.031338630235250055, 3.5041035859662713, 1
421, 1.7835313538750361, 0.031338630235250055, 3.5041035859662713, 1
422, 1.7835313538750361, 0.031338630235250055, 3.5041035859662713, 1
423, 1.7835313538750361, 0.031338630235250055, 3.5041035859662713, 1
424, 1.7835313538750361, 0.031338630235250055, 3.5041035859662713, 1
425, 1.7835313538750361, 0.031338630235250055, 3.5041035859662713, 1
426, 1.7835313538750361, 0.031338630235250055, 3.5041035859662713, 1
427, 1.7835313538750361, 0.031338630235250055, 3.5041035859662713, 1
428, 1.7835313538750361, 0.031338630235250055, 3.5041035859662713, 1
429, 1.7835313538750361, 0.031338630235250055, 3.5041035859662713, 1
430, 1.7835313538750361, 0.031338630235250055, 3.5041035859662713, 1
431, 1.7835313538750361, 0.031338630235250055, 3.5041035859662713, 1
432, 1.7835313538750361, 0.031338630235250055, 3.5041035859662713, 1
433, 1.7835313538750361, 0.031338630235250055, 3.5041035859662713, 1
434, 1.7835313538750361, 0.031338630235250055, 3.5041035859662713, 1
435, 1.7835313538750361, 0.031338630235250055, 3.5041035859662713, 1
436, 1.7835313538750361, 0.031338630235250055, 3.5041035859662713, 1
437, 1.7835313538750361, 0.031338630235250055, 3.5041035859662713, 1
438, 1.7835313538750361, 0.031338630235250055, 3.5041035859662713, 1
439, 1.7835313538750361, 0.031338630235250055, 3.5041035859662713, 1
440, 1.7835313538750361, 0.031338630235250055, 3.5041035859662713, 1
441, 1.7835313538750361, 0.031338630235250055, 3.5041035859662713, 1
442, 1.7835313538750361, 0.031338630235250055, 3.5041035859662713, 1
443, 1.7835313538750361, 0.031338630235250055, 3.5041035859662713, 1
444, 1.7835313538750361, 0.031338630235250055, 3.5041035859662713, 1
445, 1.7835313538750361, 0.031338630235250055, 3.5041035859662713, 1
446, 1.7835313538750361, 0.031338630235250055, 3.5041035859662713, 1
447, 1.7835313538750361, 0.031338630235250055, 3.5041035859662713, 1
448, 1.7835313538750361, 0.031338630235250055, 3.5041035859662713, 1
449, 1.7835313538750361, 0.031338630235250055, 3.5041035859662713, 1
450, 1.7835313538750361, 0.031338630235250055, 3.5041035859662713, 1
451, 1.7835313538750361, 0.031338630235250055, 3.5041035859662713, 1
452, 1.7835313538750361, 0.031338630235250055, 3.5041035859662713, 1
453, 1.7835313538750361, 0.031338630235250055, 3.5041035859662713, 1
454, 1.7835313538750361, 0.031338630235250055, 3.5041035859662713, 1
455, 1.7835313538750361, 0.031338630235250055, 3.5041035859662713, 1
456, 1.7835313538750361, 0.031338630235250055, 3.5041035859662713, 1
457, 1.7835313538750361, 0.031338630235250055, 3.5041035859662713, 1
458, 1.7835313538750361, 0.031338630235250055, 3.5041035859662713, 1
459, 1.7835313538750361, 0.031338630235250055, 3.5041035859662713, 1
460, 1.7835313538750361, 0.031338630235250055, 3.5041035859662713, 1
461, 1.7835313538750361, 0.031338630235250055, 3.5041035859662713, 1
462, 1.7835313538750361, 0.031338630235250055, 3.5041035859662713, 1
463, 1.7835313538750361, 0.031338630235250055, 3.5041035859662713, 1
464, 1.7835313538750361, 0.031338630235250055, 3.5041035859662713, 1
465, 1.7835313538750361, 0.031338630235250055, 3.5041035859662713, 1
466, 1.7835313538750361, 0.031338630235250055, 3.5041035859662713, 1
467, 1.7835313538750361, 0.031338630235250055, 3.5041035859662713, 1
468, 1.7835313538750361, 0.031338630235250055, 3.5041035859662713, 1
469, 1.7835313538750361, 0.031338630235250055, 3.5041035859662713, 1
470, 1.7835313538750361, 0.031338630235250055, 3.5041035859662713, 1
471, 1.7835313538750361, 0.031338630235250055, 3.5041035859662713, 1
472, 1.7835313538750361, 0.031338630235250055, 3.5041035859662713, 1
473, 1.7835313538750361, 0.031338630235250055, 3.5041035859662713, 1
474, 1.7835313538750361, 0.031338630235250055, 3.5041035859662713, 1
475, 1.7835313538750361, 0.031338630235250055, 3.5041035859662713, 1
476, 1.7835313538750361, 0.031338630235250055, 3.5041035859662713, 1
477, 1.7835313538750361, 0.031338630235250055, 3.5041035859662713, 1
478, 1.7835313538750361, 0.031338630235250055, 3.5041035859662713, 1
479, 1.7835313538750361, 0.031338630235250055, 3.5041035859662713, 1
480, 1.7835313538750361, 0.031338630235250055, 3.5041035859662713, 1
481, 1.7835313538750361, 0.031338630235250055, 3.5041035859662713, 1
482, 1.7835313538750361, 0.031338630235250055, 3.5041035859662713, 1
483, 1.7835313538750361, 0.031338630235250055, 3.5041035859662713, 1
484, 1.7835313538750361, 0.031338630235250055, 3.5041035859662713, 1
485, 1.7835313538750361, 0.031338630235250055, 3.5041035859662713, 1
486, 1.7835313538750361, 0.031338630235250055, 3.5041035859662713, 1
487, 1.7835313538750361, 0.031338630235250055, 3.5041035859662713, 1
488, 1.7835313538750361, 0.031338630235250055, 3.5041035859662713, 1
489, 1.7835313538750361, 0.031338630235250055, 3.5041035859662713, 1
490, 1.7835313538750361, 0.031338630235250055, 3.5041035859662713, 1
491, 1.7835313538750361, 0.031338630235250055, 3.5041035859662713, 1
492, 1.7835313538750361, 0.031338630235250055, 3.5041035859662713, 1
493, 1.7835313538750361, 0.031338630235250055, 3.5041035859662713, 1
494, 1.7835313538750361, 0.031338630235250055, 3.5041035859662713, 1
495, 1.7835313538750361, 0.031338630235250055, 3.5041035859662713, 1
496, 1.7835313538750361, 0.031338630235250055, 3.5041035859662713, 1
497, 1.7835313538750361, 0.031338630235250055, 3.5041035859662713, 1
498, 1.7835313538750361, 0.031338630235250055, 3.5041035859662713, 1
499, 1.7835313538750361, 0.031338630235250055, 3.5041035859662713, 1
500, 1.7835313538750361, 0.031338630235250055, 3.5041035859662713, 1
501, 1.7835313538750361, 0.031338630235250055, 3.5041035859662713, 1
