evals, mean, best, worst, success num
1, 3.278562087050848, 2.587817957950777, 3.9999999999999996, 0
2, 3.278562087050848, 2.587817957950777, 3.9999999999999996, 0
3, 3.278562087050848, 2.587817957950777, 3.9999999999999996, 0
4, 3.278562087050848, 2.587817957950777, 3.9999999999999996, 0
5, 1.1225201555603173, 0.0029034978406220135, 2.1047573211301995, 1
6, 1.1225201555603173, 0.0029034978406220135, 2.1047573211301995, 1
7, 1.1225201555603173, 0.0029034978406220135, 2.1047573211301995, 1
8, 1.1225201555603173, 0.0029034978406220135, 2.1047573211301995, 1
9, 1.1225201555603173, 0.0029034978406220135, 2.1047573211301995, 1
10, 1.1225201555603173, 0.0029034978406220135, 2.1047573211301995, 1
11, 1.1225201555603173, 0.0029034978406220135, 2.1047573211301995, 1
12, 1.1225201555603173, 0.0029034978406220135, 2.1047573211301995, 1
13, 0.11327417908420559, 0.057607680224228054, 0.26252749263928987, 3
14, 0.11327417908420559, 0.057607680224228054, 0.26252749263928987, 3
15, 0.11327417908420559, 0.057607680224228054, 0.26252749263928987, 3
16, 0.11327417908420559, 0.057607680224228054, 0.26252749263928987, 3
17, 0.11327417908420559, 0.057607680224228054, 0.26252749263928987, 3
18, 0.11327417908420559, 0.057607680224228054, 0.26252749263928987, 3
19, 0.11327417908420559, 0.057607680224228054, 0.26252749263928987, 3
20, 0.11327417908420559, 0.057607680224228054, 0.26252749263928987, 3
21, 0.11327417908420559, 0.057607680224228054, 0.26252749263928987, 3
22, 0.11327417908420559, 0.057607680224228054, 0.26252749263928987, 3
23, 0.11327417908420559, 0.057607680224228054, 0.26252749263928987, 3
24, 0.11327417908420559, 0.057607680224228054, 0.26252749263928987, 3
25, 0.11327417908420559, 0.057607680224228054, 0.26252749263928987, 3
26, 0.11327417908420559, 0.057607680224228054, 0.26252749263928987, 3
27, 0.11327417908420559, 0.057607680224228054, 0.26252749263928987, 3
28, 0.11327417908420559, 0.057607680224228054, 0.26252749263928987, 3
29, 0.11327417908420559, 0.057607680224228054, 0.26252749263928987, 3
30, 0.11327417908420559, 0.057607680224228054, 0.26252749263928987, 3
31, 0.11327417908420559, 0.057607680224228054, 0.26252749263928987, 3
32, 0.11327417908420559, 0.057607680224228054, 0.26252749263928987, 3
33, 0.11327417908420559, 0.057607680224228054, 0.26252749263928987, 3
34, 0.11327417908420559, 0.057607680224228054, 0.26252749263928987, 3
35, 0.11327417908420559, 0.057607680224228054, 0.26252749263928987, 3
36, 0.11327417908420559, 0.057607680224228054, 0.26252749263928987, 3
37, 0.11327417908420559, 0.057607680224228054, 0.26252749263928987, 3
38, 0.11327417908420559, 0.057607680224228054, 0.26252749263928987, 3
39, 0.11327417908420559, 0.057607680224228054, 0.26252749263928987, 3
40, 0.11327417908420559, 0.057607680224228054, 0.26252749263928987, 3
41, 0.11327417908420559, 0.057607680224228054, 0.26252749263928987, 3
42, 0.11327417908420559, 0.057607680224228054, 0.26252749263928987, 3
43, 0.11327417908420559, 0.057607680224228054, 0.26252749263928987, 3
44, 0.11327417908420559, 0.057607680224228054, 0.26252749263928987, 3
45, 0.11327417908420559, 0.057607680224228054, 0.26252749263928987, 3
46, 0.11327417908420559, 0.057607680224228054, 0.26252749263928987, 3
47, 0.11327417908420559, 0.057607680224228054, 0.26252749263928987, 3
48, 0.11327417908420559, 0.057607680224228054, 0.26252749263928987, 3
49, 0.11327417908420559, 0.057607680224228054, 0.26252749263928987, 3
50, 0.11327417908420559, 0.057607680224228054, 0.26252749263928987, 3
51, 0.11327417908420559, 0.057607680224228054, 0.26252749263928987, 3
52, 0.11327417908420559, 0.057607680224228054, 0.26252749263928987, 3
53, 0.11327417908420559, 0.057607680224228054, 0.26252749263928987, 3
54, 0.11327417908420559, 0.057607680224228054, 0.26252749263928987, 3
55, 0.11327417908420559, 0.057607680224228054, 0.26252749263928987, 3
56, 0.11327417908420559, 0.057607680224228054, 0.26252749263928987, 3
57, 0.11327417908420559, 0.057607680224228054, 0.26252749263928987, 3
58, 0.11327417908420559, 0.057607680224228054, 0.26252749263928987, 3
59, 0.11327417908420559, 0.057607680224228054, 0.26252749263928987, 3
60, 0.11327417908420559, 0.057607680224228054, 0.26252749263928987, 3
61, 0.11327417908420559, 0.057607680224228054, 0.26252749263928987, 3
62, 0.11327417908420559, 0.057607680224228054, 0.26252749263928987, 3
63, 0.11327417908420559, 0.057607680224228054, 0.26252749263928987, 3
64, 0.11327417908420559, 0.057607680224228054, 0.26252749263928987, 3
65, 0.11327417908420559, 0.057607680224228054, 0.26252749263928987, 3
66, 0.11327417908420559, 0.057607680224228054, 0.26252749263928987, 3
67, 0.11327417908420559, 0.057607680224228054, 0.26252749263928987, 3
68, 0.11327417908420559, 0.057607680224228054, 0.26252749263928987, 3
69, 0.11327417908420559, 0.057607680224228054, 0.26252749263928987, 3
70, 0.11327417908420559, 0.057607680224228054, 0.26252749263928987, 3
71, 0.11327417908420559, 0.057607680224228054, 0.26252749263928987, 3
72, 0.11327417908420559, 0.057607680224228054, 0.26252749263928987, 3
73, 0.11327417908420559, 0.057607680224228054, 0.26252749263928987, 3
74, 0.11327417908420559, 0.057607680224228054, 0.26252749263928987, 3
75, 0.11327417908420559, 0.057607680224228054, 0.26252749263928987, 3
76, 0.11327417908420559, 0.057607680224228054, 0.26252749263928987, 3
77, 0.11327417908420559, 0.057607680224228054, 0.26252749263928987, 3
78, 0.11327417908420559, 0.057607680224228054, 0.26252749263928987, 3
79, 0.11327417908420559, 0.057607680224228054, 0.26252749263928987, 3
80, 0.11327417908420559, 0.057607680224228054, 0.26252749263928987, 3
81, 0.11327417908420559, 0.057607680224228054, 0.26252749263928987, 3
82, 0.11327417908420559, 0.057607680224228054, 0.26252749263928987, 3
83, 0.11327417908420559, 0.057607680224228054, 0.26252749263928987, 3
84, 0.11327417908420559, 0.057607680224228054, 0.26252749263928987, 3
85, 0.11327417908420559, 0.057607680224228054, 0.26252749263928987, 3
86, 0.11327417908420559, 0.057607680224228054, 0.26252749263928987, 3
87, 0.11327417908420559, 0.057607680224228054, 0.26252749263928987, 3
88, 0.11327417908420559, 0.057607680224228054, 0.26252749263928987, 3
89, 0.11327417908420559, 0.057607680224228054, 0.26252749263928987, 3
90, 0.11327417908420559, 0.057607680224228054, 0.26252749263928987, 3
91, 0.11327417908420559, 0.057607680224228054, 0.26252749263928987, 3
92, 0.11327417908420559, 0.057607680224228054, 0.26252749263928987, 3
93, 0.11327417908420559, 0.057607680224228054, 0.26252749263928987, 3
94, 0.11327417908420559, 0.057607680224228054, 0.26252749263928987, 3
95, 0.11327417908420559, 0.057607680224228054, 0.26252749263928987, 3
96, 0.11327417908420559, 0.057607680224228054, 0.26252749263928987, 3
97, 0.11327417908420559, 0.057607680224228054, 0.26252749263928987, 3
98, 0.11327417908420559, 0.057607680224228054, 0.26252749263928987, 3
99, 0.11327417908420559, 0.057607680224228054, 0.26252749263928987, 3
100, 0.11327417908420559, 0.057607680224228054, 0.26252749263928987, 3
101, 0.11327417908420559, 0.057607680224228054, 0.26252749263928987, 3
102, 0.11327417908420559, 0.057607680224228054, 0.26252749263928987, 3
103, 0.11327417908420559, 0.057607680224228054, 0.26252749263928987, 3
104, 0.11327417908420559, 0.057607680224228054, 0.26252749263928987, 3
105, 0.11327417908420559, 0.057607680224228054, 0.26252749263928987, 3
106, 0.11327417908420559, 0.057607680224228054, 0.26252749263928987, 3
107, 0.11327417908420559, 0.057607680224228054, 0.26252749263928987, 3
108, 0.11327417908420559, 0.057607680224228054, 0.26252749263928987, 3
109, 0.11327417908420559, 0.057607680224228054, 0.26252749263928987, 3
110, 0.11327417908420559, 0.057607680224228054, 0.26252749263928987, 3
111, 0.11327417908420559, 0.057607680224228054, 0.26252749263928987, 3
112, 0.11327417908420559, 0.057607680224228054, 0.26252749263928987, 3
113, 0.11327417908420559, 0.057607680224228054, 0.26252749263928987, 3
114, 0.11327417908420559, 0.057607680224228054, 0.26252749263928987, 3
115, 0.11327417908420559, 0.057607680224228054, 0.26252749263928987, 3
116, 0.11327417908420559, 0.057607680224228054, 0.26252749263928987, 3
117, 0.11327417908420559, 0.057607680224228054, 0.26252749263928987, 3
118, 0.11327417908420559, 0.057607680224228054, 0.26252749263928987, 3
119, 0.11327417908420559, 0.057607680224228054, 0.26252749263928987, 3
120, 0.11327417908420559, 0.057607680224228054, 0.26252749263928987, 3
121, 0.11327417908420559, 0.057607680224228054, 0.26252749263928987, 3
122, 0.11327417908420559, 0.057607680224228054, 0.26252749263928987, 3
123, 0.11327417908420559, 0.057607680224228054, 0.26252749263928987, 3
124, 0.11327417908420559, 0.057607680224228054, 0.26252749263928987, 3
125, 0.11327417908420559, 0.057607680224228054, 0.26252749263928987, 3
126, 0.11327417908420559, 0.057607680224228054, 0.26252749263928987, 3
127, 0.11327417908420559, 0.057607680224228054, 0.26252749263928987, 3
128, 0.11327417908420559, 0.057607680224228054, 0.26252749263928987, 3
129, 0.11327417908420559, 0.057607680224228054, 0.26252749263928987, 3
130, 0.11327417908420559, 0.057607680224228054, 0.26252749263928987, 3
131, 0.11327417908420559, 0.057607680224228054, 0.26252749263928987, 3
132, 0.11327417908420559, 0.057607680224228054, 0.26252749263928987, 3
133, 0.11327417908420559, 0.057607680224228054, 0.26252749263928987, 3
134, 0.11327417908420559, 0.057607680224228054, 0.26252749263928987, 3
135, 0.11327417908420559, 0.057607680224228054, 0.26252749263928987, 3
136, 0.11327417908420559, 0.057607680224228054, 0.26252749263928987, 3
137, 0.11327417908420559, 0.057607680224228054, 0.26252749263928987, 3
138, 0.11327417908420559, 0.057607680224228054, 0.26252749263928987, 3
139, 0.11327417908420559, 0.057607680224228054, 0.26252749263928987, 3
140, 0.11327417908420559, 0.057607680224228054, 0.26252749263928987, 3
141, 0.11327417908420559, 0.057607680224228054, 0.26252749263928987, 3
142, 0.11327417908420559, 0.057607680224228054, 0.26252749263928987, 3
143, 0.11327417908420559, 0.057607680224228054, 0.26252749263928987, 3
144, 0.11327417908420559, 0.057607680224228054, 0.26252749263928987, 3
145, 0.11327417908420559, 0.057607680224228054, 0.26252749263928987, 3
146, 0.11327417908420559, 0.057607680224228054, 0.26252749263928987, 3
147, 0.11327417908420559, 0.057607680224228054, 0.26252749263928987, 3
148, 0.11327417908420559, 0.057607680224228054, 0.26252749263928987, 3
149, 0.11327417908420559, 0.057607680224228054, 0.26252749263928987, 3
150, 0.11327417908420559, 0.057607680224228054, 0.26252749263928987, 3
151, 0.11327417908420559, 0.057607680224228054, 0.26252749263928987, 3
152, 0.11327417908420559, 0.057607680224228054, 0.26252749263928987, 3
153, 0.11327417908420559, 0.057607680224228054, 0.26252749263928987, 3
154, 0.11327417908420559, 0.057607680224228054, 0.26252749263928987, 3
155, 0.11327417908420559, 0.057607680224228054, 0.26252749263928987, 3
156, 0.11327417908420559, 0.057607680224228054, 0.26252749263928987, 3
157, 0.11327417908420559, 0.057607680224228054, 0.26252749263928987, 3
158, 0.11327417908420559, 0.057607680224228054, 0.26252749263928987, 3
159, 0.11327417908420559, 0.057607680224228054, 0.26252749263928987, 3
160, 0.11327417908420559, 0.057607680224228054, 0.26252749263928987, 3
161, 0.11327417908420559, 0.057607680224228054, 0.26252749263928987, 3
162, 0.11327417908420559, 0.057607680224228054, 0.26252749263928987, 3
163, 0.11327417908420559, 0.057607680224228054, 0.26252749263928987, 3
164, 0.11327417908420559, 0.057607680224228054, 0.26252749263928987, 3
165, 0.11327417908420559, 0.057607680224228054, 0.26252749263928987, 3
166, 0.11327417908420559, 0.057607680224228054, 0.26252749263928987, 3
167, 0.11327417908420559, 0.057607680224228054, 0.26252749263928987, 3
168, 0.11327417908420559, 0.057607680224228054, 0.26252749263928987, 3
169, 0.11327417908420559, 0.057607680224228054, 0.26252749263928987, 3
170, 0.11327417908420559, 0.057607680224228054, 0.26252749263928987, 3
171, 0.11327417908420559, 0.057607680224228054, 0.26252749263928987, 3
172, 0.11327417908420559, 0.057607680224228054, 0.26252749263928987, 3
173, 0.11327417908420559, 0.057607680224228054, 0.26252749263928987, 3
174, 0.11327417908420559, 0.057607680224228054, 0.26252749263928987, 3
175, 0.11327417908420559, 0.057607680224228054, 0.26252749263928987, 3
176, 0.11327417908420559, 0.057607680224228054, 0.26252749263928987, 3
177, 0.11327417908420559, 0.057607680224228054, 0.26252749263928987, 3
178, 0.11327417908420559, 0.057607680224228054, 0.26252749263928987, 3
179, 0.11327417908420559, 0.057607680224228054, 0.26252749263928987, 3
180, 0.11327417908420559, 0.057607680224228054, 0.26252749263928987, 3
181, 0.11327417908420559, 0.057607680224228054, 0.26252749263928987, 3
182, 0.11327417908420559, 0.057607680224228054, 0.26252749263928987, 3
183, 0.11327417908420559, 0.057607680224228054, 0.26252749263928987, 3
184, 0.11327417908420559, 0.057607680224228054, 0.26252749263928987, 3
185, 0.11327417908420559, 0.057607680224228054, 0.26252749263928987, 3
186, 0.11327417908420559, 0.057607680224228054, 0.26252749263928987, 3
187, 0.11327417908420559, 0.057607680224228054, 0.26252749263928987, 3
188, 0.11327417908420559, 0.057607680224228054, 0.26252749263928987, 3
189, 0.11327417908420559, 0.057607680224228054, 0.26252749263928987, 3
190, 0.11327417908420559, 0.057607680224228054, 0.26252749263928987, 3
191, 0.11327417908420559, 0.057607680224228054, 0.26252749263928987, 3
192, 0.11327417908420559, 0.057607680224228054, 0.26252749263928987, 3
193, 0.11327417908420559, 0.057607680224228054, 0.26252749263928987, 3
194, 0.11327417908420559, 0.057607680224228054, 0.26252749263928987, 3
195, 0.11327417908420559, 0.057607680224228054, 0.26252749263928987, 3
196, 0.11327417908420559, 0.057607680224228054, 0.26252749263928987, 3
197, 0.11327417908420559, 0.057607680224228054, 0.26252749263928987, 3
198, 0.11327417908420559, 0.057607680224228054, 0.26252749263928987, 3
199, 0.11327417908420559, 0.057607680224228054, 0.26252749263928987, 3
200, 0.11327417908420559, 0.057607680224228054, 0.26252749263928987, 3
201, 0.11327417908420559, 0.057607680224228054, 0.26252749263928987, 3
202, 0.11327417908420559, 0.057607680224228054, 0.26252749263928987, 3
203, 0.11327417908420559, 0.057607680224228054, 0.26252749263928987, 3
204, 0.11327417908420559, 0.057607680224228054, 0.26252749263928987, 3
205, 0.11327417908420559, 0.057607680224228054, 0.26252749263928987, 3
206, 0.11327417908420559, 0.057607680224228054, 0.26252749263928987, 3
207, 0.11327417908420559, 0.057607680224228054, 0.26252749263928987, 3
208, 0.11327417908420559, 0.057607680224228054, 0.26252749263928987, 3
209, 0.11327417908420559, 0.057607680224228054, 0.26252749263928987, 3
210, 0.11327417908420559, 0.057607680224228054, 0.26252749263928987, 3
211, 0.11327417908420559, 0.057607680224228054, 0.26252749263928987, 3
212, 0.11327417908420559, 0.057607680224228054, 0.26252749263928987, 3
213, 0.11327417908420559, 0.057607680224228054, 0.26252749263928987, 3
214, 0.11327417908420559, 0.057607680224228054, 0.26252749263928987, 3
215, 0.11327417908420559, 0.057607680224228054, 0.26252749263928987, 3
216, 0.11327417908420559, 0.057607680224228054, 0.26252749263928987, 3
217, 0.058218267769628615, 0.04223829564315168, 0.06528304063343017, 4
218, 0.058218267769628615, 0.04223829564315168, 0.06528304063343017, 4
219, 0.058218267769628615, 0.04223829564315168, 0.06528304063343017, 4
220, 0.058218267769628615, 0.04223829564315168, 0.06528304063343017, 4
221, 0.058218267769628615, 0.04223829564315168, 0.06528304063343017, 4
222, 0.058218267769628615, 0.04223829564315168, 0.06528304063343017, 4
223, 0.058218267769628615, 0.04223829564315168, 0.06528304063343017, 4
224, 0.058218267769628615, 0.04223829564315168, 0.06528304063343017, 4
225, 0.058218267769628615, 0.04223829564315168, 0.06528304063343017, 4
226, 0.058218267769628615, 0.04223829564315168, 0.06528304063343017, 4
227, 0.058218267769628615, 0.04223829564315168, 0.06528304063343017, 4
228, 0.058218267769628615, 0.04223829564315168, 0.06528304063343017, 4
229, 0.058218267769628615, 0.04223829564315168, 0.06528304063343017, 4
230, 0.058218267769628615, 0.04223829564315168, 0.06528304063343017, 4
231, 0.058218267769628615, 0.04223829564315168, 0.06528304063343017, 4
232, 0.058218267769628615, 0.04223829564315168, 0.06528304063343017, 4
233, 0.058218267769628615, 0.04223829564315168, 0.06528304063343017, 4
234, 0.058218267769628615, 0.04223829564315168, 0.06528304063343017, 4
235, 0.058218267769628615, 0.04223829564315168, 0.06528304063343017, 4
236, 0.058218267769628615, 0.04223829564315168, 0.06528304063343017, 4
237, 0.058218267769628615, 0.04223829564315168, 0.06528304063343017, 4
238, 0.058218267769628615, 0.04223829564315168, 0.06528304063343017, 4
239, 0.058218267769628615, 0.04223829564315168, 0.06528304063343017, 4
240, 0.058218267769628615, 0.04223829564315168, 0.06528304063343017, 4
241, 0.058218267769628615, 0.04223829564315168, 0.06528304063343017, 4
242, 0.058218267769628615, 0.04223829564315168, 0.06528304063343017, 4
243, 0.058218267769628615, 0.04223829564315168, 0.06528304063343017, 4
244, 0.058218267769628615, 0.04223829564315168, 0.06528304063343017, 4
245, 0.058218267769628615, 0.04223829564315168, 0.06528304063343017, 4
246, 0.058218267769628615, 0.04223829564315168, 0.06528304063343017, 4
247, 0.058218267769628615, 0.04223829564315168, 0.06528304063343017, 4
248, 0.058218267769628615, 0.04223829564315168, 0.06528304063343017, 4
249, 0.058218267769628615, 0.04223829564315168, 0.06528304063343017, 4
250, 0.058218267769628615, 0.04223829564315168, 0.06528304063343017, 4
251, 0.058218267769628615, 0.04223829564315168, 0.06528304063343017, 4
252, 0.058218267769628615, 0.04223829564315168, 0.06528304063343017, 4
253, 0.058218267769628615, 0.04223829564315168, 0.06528304063343017, 4
254, 0.058218267769628615, 0.04223829564315168, 0.06528304063343017, 4
255, 0.058218267769628615, 0.04223829564315168, 0.06528304063343017, 4
256, 0.058218267769628615, 0.04223829564315168, 0.06528304063343017, 4
257, 0.058218267769628615, 0.04223829564315168, 0.06528304063343017, 4
258, 0.058218267769628615, 0.04223829564315168, 0.06528304063343017, 4
259, 0.058218267769628615, 0.04223829564315168, 0.06528304063343017, 4
260, 0.058218267769628615, 0.04223829564315168, 0.06528304063343017, 4
261, 0.058218267769628615, 0.04223829564315168, 0.06528304063343017, 4
262, 0.058218267769628615, 0.04223829564315168, 0.06528304063343017, 4
263, 0.058218267769628615, 0.04223829564315168, 0.06528304063343017, 4
264, 0.058218267769628615, 0.04223829564315168, 0.06528304063343017, 4
265, 0.058218267769628615, 0.04223829564315168, 0.06528304063343017, 4
266, 0.058218267769628615, 0.04223829564315168, 0.06528304063343017, 4
267, 0.058218267769628615, 0.04223829564315168, 0.06528304063343017, 4
268, 0.058218267769628615, 0.04223829564315168, 0.06528304063343017, 4
269, 0.058218267769628615, 0.04223829564315168, 0.06528304063343017, 4
270, 0.058218267769628615, 0.04223829564315168, 0.06528304063343017, 4
271, 0.058218267769628615, 0.04223829564315168, 0.06528304063343017, 4
272, 0.058218267769628615, 0.04223829564315168, 0.06528304063343017, 4
273, 0.058218267769628615, 0.04223829564315168, 0.06528304063343017, 4
274, 0.058218267769628615, 0.04223829564315168, 0.06528304063343017, 4
275, 0.058218267769628615, 0.04223829564315168, 0.06528304063343017, 4
276, 0.058218267769628615, 0.04223829564315168, 0.06528304063343017, 4
277, 0.058218267769628615, 0.04223829564315168, 0.06528304063343017, 4
278, 0.058218267769628615, 0.04223829564315168, 0.06528304063343017, 4
279, 0.058218267769628615, 0.04223829564315168, 0.06528304063343017, 4
280, 0.058218267769628615, 0.04223829564315168, 0.06528304063343017, 4
281, 0.058218267769628615, 0.04223829564315168, 0.06528304063343017, 4
282, 0.058218267769628615, 0.04223829564315168, 0.06528304063343017, 4
283, 0.058218267769628615, 0.04223829564315168, 0.06528304063343017, 4
284, 0.058218267769628615, 0.04223829564315168, 0.06528304063343017, 4
285, 0.058218267769628615, 0.04223829564315168, 0.06528304063343017, 4
286, 0.058218267769628615, 0.04223829564315168, 0.06528304063343017, 4
287, 0.058218267769628615, 0.04223829564315168, 0.06528304063343017, 4
288, 0.058218267769628615, 0.04223829564315168, 0.06528304063343017, 4
289, 0.058218267769628615, 0.04223829564315168, 0.06528304063343017, 4
290, 0.058218267769628615, 0.04223829564315168, 0.06528304063343017, 4
291, 0.058218267769628615, 0.04223829564315168, 0.06528304063343017, 4
292, 0.058218267769628615, 0.04223829564315168, 0.06528304063343017, 4
293, 0.058218267769628615, 0.04223829564315168, 0.06528304063343017, 4
294, 0.058218267769628615, 0.04223829564315168, 0.06528304063343017, 4
295, 0.058218267769628615, 0.04223829564315168, 0.06528304063343017, 4
296, 0.058218267769628615, 0.04223829564315168, 0.06528304063343017, 4
297, 0.058218267769628615, 0.04223829564315168, 0.06528304063343017, 4
298, 0.058218267769628615, 0.04223829564315168, 0.06528304063343017, 4
299, 0.058218267769628615, 0.04223829564315168, 0.06528304063343017, 4
300, 0.058218267769628615, 0.04223829564315168, 0.06528304063343017, 4
301, 0.058218267769628615, 0.04223829564315168, 0.06528304063343017, 4
302, 0.058218267769628615, 0.04223829564315168, 0.06528304063343017, 4
303, 0.058218267769628615, 0.04223829564315168, 0.06528304063343017, 4
304, 0.058218267769628615, 0.04223829564315168, 0.06528304063343017, 4
305, 0.058218267769628615, 0.04223829564315168, 0.06528304063343017, 4
306, 0.058218267769628615, 0.04223829564315168, 0.06528304063343017, 4
307, 0.058218267769628615, 0.04223829564315168, 0.06528304063343017, 4
308, 0.058218267769628615, 0.04223829564315168, 0.06528304063343017, 4
309, 0.058218267769628615, 0.04223829564315168, 0.06528304063343017, 4
310, 0.058218267769628615, 0.04223829564315168, 0.06528304063343017, 4
311, 0.058218267769628615, 0.04223829564315168, 0.06528304063343017, 4
312, 0.058218267769628615, 0.04223829564315168, 0.06528304063343017, 4
313, 0.058218267769628615, 0.04223829564315168, 0.06528304063343017, 4
314, 0.058218267769628615, 0.04223829564315168, 0.06528304063343017, 4
315, 0.058218267769628615, 0.04223829564315168, 0.06528304063343017, 4
316, 0.058218267769628615, 0.04223829564315168, 0.06528304063343017, 4
317, 0.058218267769628615, 0.04223829564315168, 0.06528304063343017, 4
318, 0.058218267769628615, 0.04223829564315168, 0.06528304063343017, 4
319, 0.058218267769628615, 0.04223829564315168, 0.06528304063343017, 4
320, 0.058218267769628615, 0.04223829564315168, 0.06528304063343017, 4
321, 0.058218267769628615, 0.04223829564315168, 0.06528304063343017, 4
322, 0.058218267769628615, 0.04223829564315168, 0.06528304063343017, 4
323, 0.058218267769628615, 0.04223829564315168, 0.06528304063343017, 4
324, 0.058218267769628615, 0.04223829564315168, 0.06528304063343017, 4
325, 0.058218267769628615, 0.04223829564315168, 0.06528304063343017, 4
326, 0.058218267769628615, 0.04223829564315168, 0.06528304063343017, 4
327, 0.058218267769628615, 0.04223829564315168, 0.06528304063343017, 4
328, 0.058218267769628615, 0.04223829564315168, 0.06528304063343017, 4
329, 0.058218267769628615, 0.04223829564315168, 0.06528304063343017, 4
330, 0.058218267769628615, 0.04223829564315168, 0.06528304063343017, 4
331, 0.058218267769628615, 0.04223829564315168, 0.06528304063343017, 4
332, 0.058218267769628615, 0.04223829564315168, 0.06528304063343017, 4
333, 0.058218267769628615, 0.04223829564315168, 0.06528304063343017, 4
334, 0.058218267769628615, 0.04223829564315168, 0.06528304063343017, 4
335, 0.058218267769628615, 0.04223829564315168, 0.06528304063343017, 4
336, 0.058218267769628615, 0.04223829564315168, 0.06528304063343017, 4
337, 0.058218267769628615, 0.04223829564315168, 0.06528304063343017, 4
338, 0.058218267769628615, 0.04223829564315168, 0.06528304063343017, 4
339, 0.058218267769628615, 0.04223829564315168, 0.06528304063343017, 4
340, 0.058218267769628615, 0.04223829564315168, 0.06528304063343017, 4
341, 0.058218267769628615, 0.04223829564315168, 0.06528304063343017, 4
342, 0.058218267769628615, 0.04223829564315168, 0.06528304063343017, 4
343, 0.058218267769628615, 0.04223829564315168, 0.06528304063343017, 4
344, 0.058218267769628615, 0.04223829564315168, 0.06528304063343017, 4
345, 0.058218267769628615, 0.04223829564315168, 0.06528304063343017, 4
346, 0.058218267769628615, 0.04223829564315168, 0.06528304063343017, 4
347, 0.058218267769628615, 0.04223829564315168, 0.06528304063343017, 4
348, 0.058218267769628615, 0.04223829564315168, 0.06528304063343017, 4
349, 0.058218267769628615, 0.04223829564315168, 0.06528304063343017, 4
350, 0.058218267769628615, 0.04223829564315168, 0.06528304063343017, 4
351, 0.058218267769628615, 0.04223829564315168, 0.06528304063343017, 4
352, 0.058218267769628615, 0.04223829564315168, 0.06528304063343017, 4
353, 0.058218267769628615, 0.04223829564315168, 0.06528304063343017, 4
354, 0.058218267769628615, 0.04223829564315168, 0.06528304063343017, 4
355, 0.058218267769628615, 0.04223829564315168, 0.06528304063343017, 4
356, 0.058218267769628615, 0.04223829564315168, 0.06528304063343017, 4
357, 0.058218267769628615, 0.04223829564315168, 0.06528304063343017, 4
358, 0.058218267769628615, 0.04223829564315168, 0.06528304063343017, 4
359, 0.058218267769628615, 0.04223829564315168, 0.06528304063343017, 4
360, 0.058218267769628615, 0.04223829564315168, 0.06528304063343017, 4
361, 0.058218267769628615, 0.04223829564315168, 0.06528304063343017, 4
362, 0.058218267769628615, 0.04223829564315168, 0.06528304063343017, 4
363, 0.058218267769628615, 0.04223829564315168, 0.06528304063343017, 4
364, 0.058218267769628615, 0.04223829564315168, 0.06528304063343017, 4
365, 0.058218267769628615, 0.04223829564315168, 0.06528304063343017, 4
366, 0.058218267769628615, 0.04223829564315168, 0.06528304063343017, 4
367, 0.058218267769628615, 0.04223829564315168, 0.06528304063343017, 4
368, 0.058218267769628615, 0.04223829564315168, 0.06528304063343017, 4
369, 0.058218267769628615, 0.04223829564315168, 0.06528304063343017, 4
370, 0.058218267769628615, 0.04223829564315168, 0.06528304063343017, 4
371, 0.058218267769628615, 0.04223829564315168, 0.06528304063343017, 4
372, 0.058218267769628615, 0.04223829564315168, 0.06528304063343017, 4
373, 0.058218267769628615, 0.04223829564315168, 0.06528304063343017, 4
374, 0.058218267769628615, 0.04223829564315168, 0.06528304063343017, 4
375, 0.058218267769628615, 0.04223829564315168, 0.06528304063343017, 4
376, 0.058218267769628615, 0.04223829564315168, 0.06528304063343017, 4
377, 0.058218267769628615, 0.04223829564315168, 0.06528304063343017, 4
378, 0.058218267769628615, 0.04223829564315168, 0.06528304063343017, 4
379, 0.058218267769628615, 0.04223829564315168, 0.06528304063343017, 4
380, 0.058218267769628615, 0.04223829564315168, 0.06528304063343017, 4
381, 0.058218267769628615, 0.04223829564315168, 0.06528304063343017, 4
382, 0.058218267769628615, 0.04223829564315168, 0.06528304063343017, 4
383, 0.058218267769628615, 0.04223829564315168, 0.06528304063343017, 4
384, 0.058218267769628615, 0.04223829564315168, 0.06528304063343017, 4
385, 0.058218267769628615, 0.04223829564315168, 0.06528304063343017, 4
386, 0.058218267769628615, 0.04223829564315168, 0.06528304063343017, 4
387, 0.058218267769628615, 0.04223829564315168, 0.06528304063343017, 4
388, 0.058218267769628615, 0.04223829564315168, 0.06528304063343017, 4
389, 0.058218267769628615, 0.04223829564315168, 0.06528304063343017, 4
390, 0.058218267769628615, 0.04223829564315168, 0.06528304063343017, 4
391, 0.058218267769628615, 0.04223829564315168, 0.06528304063343017, 4
392, 0.058218267769628615, 0.04223829564315168, 0.06528304063343017, 4
393, 0.058218267769628615, 0.04223829564315168, 0.06528304063343017, 4
394, 0.058218267769628615, 0.04223829564315168, 0.06528304063343017, 4
395, 0.058218267769628615, 0.04223829564315168, 0.06528304063343017, 4
396, 0.058218267769628615, 0.04223829564315168, 0.06528304063343017, 4
397, 0.058218267769628615, 0.04223829564315168, 0.06528304063343017, 4
398, 0.058218267769628615, 0.04223829564315168, 0.06528304063343017, 4
399, 0.058218267769628615, 0.04223829564315168, 0.06528304063343017, 4
400, 0.058218267769628615, 0.04223829564315168, 0.06528304063343017, 4
401, 0.058218267769628615, 0.04223829564315168, 0.06528304063343017, 4
402, 0.058218267769628615, 0.04223829564315168, 0.06528304063343017, 4
403, 0.058218267769628615, 0.04223829564315168, 0.06528304063343017, 4
404, 0.058218267769628615, 0.04223829564315168, 0.06528304063343017, 4
405, 0.058218267769628615, 0.04223829564315168, 0.06528304063343017, 4
406, 0.058218267769628615, 0.04223829564315168, 0.06528304063343017, 4
407, 0.058218267769628615, 0.04223829564315168, 0.06528304063343017, 4
408, 0.058218267769628615, 0.04223829564315168, 0.06528304063343017, 4
409, 0.058218267769628615, 0.04223829564315168, 0.06528304063343017, 4
410, 0.058218267769628615, 0.04223829564315168, 0.06528304063343017, 4
411, 0.058218267769628615, 0.04223829564315168, 0.06528304063343017, 4
412, 0.058218267769628615, 0.04223829564315168, 0.06528304063343017, 4
413, 0.058218267769628615, 0.04223829564315168, 0.06528304063343017, 4
414, 0.058218267769628615, 0.04223829564315168, 0.06528304063343017, 4
415, 0.058218267769628615, 0.04223829564315168, 0.06528304063343017, 4
416, 0.058218267769628615, 0.04223829564315168, 0.06528304063343017, 4
417, 0.058218267769628615, 0.04223829564315168, 0.06528304063343017, 4
418, 0.058218267769628615, 0.04223829564315168, 0.06528304063343017, 4
419, 0.058218267769628615, 0.04223829564315168, 0.06528304063343017, 4
420, 0.058218267769628615, 0.04223829564315168, 0.06528304063343017, 4
421, 0.058218267769628615, 0.04223829564315168, 0.06528304063343017, 4
422, 0.058218267769628615, 0.04223829564315168, 0.06528304063343017, 4
423, 0.058218267769628615, 0.04223829564315168, 0.06528304063343017, 4
424, 0.058218267769628615, 0.04223829564315168, 0.06528304063343017, 4
425, 0.058218267769628615, 0.04223829564315168, 0.06528304063343017, 4
426, 0.058218267769628615, 0.04223829564315168, 0.06528304063343017, 4
427, 0.058218267769628615, 0.04223829564315168, 0.06528304063343017, 4
428, 0.058218267769628615, 0.04223829564315168, 0.06528304063343017, 4
429, 0.058218267769628615, 0.04223829564315168, 0.06528304063343017, 4
430, 0.058218267769628615, 0.04223829564315168, 0.06528304063343017, 4
431, 0.058218267769628615, 0.04223829564315168, 0.06528304063343017, 4
432, 0.058218267769628615, 0.04223829564315168, 0.06528304063343017, 4
433, 0.058218267769628615, 0.04223829564315168, 0.06528304063343017, 4
434, 0.058218267769628615, 0.04223829564315168, 0.06528304063343017, 4
435, 0.058218267769628615, 0.04223829564315168, 0.06528304063343017, 4
436, 0.058218267769628615, 0.04223829564315168, 0.06528304063343017, 4
437, 0.058218267769628615, 0.04223829564315168, 0.06528304063343017, 4
438, 0.058218267769628615, 0.04223829564315168, 0.06528304063343017, 4
439, 0.058218267769628615, 0.04223829564315168, 0.06528304063343017, 4
440, 0.058218267769628615, 0.04223829564315168, 0.06528304063343017, 4
441, 0.058218267769628615, 0.04223829564315168, 0.06528304063343017, 4
442, 0.058218267769628615, 0.04223829564315168, 0.06528304063343017, 4
443, 0.058218267769628615, 0.04223829564315168, 0.06528304063343017, 4
444, 0.058218267769628615, 0.04223829564315168, 0.06528304063343017, 4
445, 0.058218267769628615, 0.04223829564315168, 0.06528304063343017, 4
446, 0.058218267769628615, 0.04223829564315168, 0.06528304063343017, 4
447, 0.058218267769628615, 0.04223829564315168, 0.06528304063343017, 4
448, 0.058218267769628615, 0.04223829564315168, 0.06528304063343017, 4
449, 0.058218267769628615, 0.04223829564315168, 0.06528304063343017, 4
450, 0.058218267769628615, 0.04223829564315168, 0.06528304063343017, 4
451, 0.058218267769628615, 0.04223829564315168, 0.06528304063343017, 4
452, 0.058218267769628615, 0.04223829564315168, 0.06528304063343017, 4
453, 0.058218267769628615, 0.04223829564315168, 0.06528304063343017, 4
454, 0.058218267769628615, 0.04223829564315168, 0.06528304063343017, 4
455, 0.058218267769628615, 0.04223829564315168, 0.06528304063343017, 4
456, 0.058218267769628615, 0.04223829564315168, 0.06528304063343017, 4
457, 0.058218267769628615, 0.04223829564315168, 0.06528304063343017, 4
458, 0.058218267769628615, 0.04223829564315168, 0.06528304063343017, 4
459, 0.058218267769628615, 0.04223829564315168, 0.06528304063343017, 4
460, 0.058218267769628615, 0.04223829564315168, 0.06528304063343017, 4
461, 0.058218267769628615, 0.04223829564315168, 0.06528304063343017, 4
462, 0.058218267769628615, 0.04223829564315168, 0.06528304063343017, 4
463, 0.058218267769628615, 0.04223829564315168, 0.06528304063343017, 4
464, 0.058218267769628615, 0.04223829564315168, 0.06528304063343017, 4
465, 0.058218267769628615, 0.04223829564315168, 0.06528304063343017, 4
466, 0.058218267769628615, 0.04223829564315168, 0.06528304063343017, 4
467, 0.058218267769628615, 0.04223829564315168, 0.06528304063343017, 4
468, 0.058218267769628615, 0.04223829564315168, 0.06528304063343017, 4
469, 0.058218267769628615, 0.04223829564315168, 0.06528304063343017, 4
470, 0.058218267769628615, 0.04223829564315168, 0.06528304063343017, 4
471, 0.058218267769628615, 0.04223829564315168, 0.06528304063343017, 4
472, 0.058218267769628615, 0.04223829564315168, 0.06528304063343017, 4
473, 0.058218267769628615, 0.04223829564315168, 0.06528304063343017, 4
474, 0.058218267769628615, 0.04223829564315168, 0.06528304063343017, 4
475, 0.058218267769628615, 0.04223829564315168, 0.06528304063343017, 4
476, 0.058218267769628615, 0.04223829564315168, 0.06528304063343017, 4
477, 0.058218267769628615, 0.04223829564315168, 0.06528304063343017, 4
478, 0.058218267769628615, 0.04223829564315168, 0.06528304063343017, 4
479, 0.058218267769628615, 0.04223829564315168, 0.06528304063343017, 4
480, 0.058218267769628615, 0.04223829564315168, 0.06528304063343017, 4
481, 0.058218267769628615, 0.04223829564315168, 0.06528304063343017, 4
482, 0.058218267769628615, 0.04223829564315168, 0.06528304063343017, 4
483, 0.058218267769628615, 0.04223829564315168, 0.06528304063343017, 4
484, 0.058218267769628615, 0.04223829564315168, 0.06528304063343017, 4
485, 0.058218267769628615, 0.04223829564315168, 0.06528304063343017, 4
486, 0.058218267769628615, 0.04223829564315168, 0.06528304063343017, 4
487, 0.058218267769628615, 0.04223829564315168, 0.06528304063343017, 4
488, 0.058218267769628615, 0.04223829564315168, 0.06528304063343017, 4
489, 0.058218267769628615, 0.04223829564315168, 0.06528304063343017, 4
490, 0.058218267769628615, 0.04223829564315168, 0.06528304063343017, 4
491, 0.058218267769628615, 0.04223829564315168, 0.06528304063343017, 4
492, 0.058218267769628615, 0.04223829564315168, 0.06528304063343017, 4
493, 0.058218267769628615, 0.04223829564315168, 0.06528304063343017, 4
494, 0.058218267769628615, 0.04223829564315168, 0.06528304063343017, 4
495, 0.058218267769628615, 0.04223829564315168, 0.06528304063343017, 4
496, 0.058218267769628615, 0.04223829564315168, 0.06528304063343017, 4
497, 0.058218267769628615, 0.04223829564315168, 0.06528304063343017, 4
498, 0.058218267769628615, 0.04223829564315168, 0.06528304063343017, 4
499, 0.058218267769628615, 0.04223829564315168, 0.06528304063343017, 4
500, 0.058218267769628615, 0.04223829564315168, 0.06528304063343017, 4
501, 0.058218267769628615, 0.04223829564315168, 0.06528304063343017, 4
