evals, mean, best, worst, success num
1, 3.633699354998979, 3.3526908835372122, 3.9278645668718326, 0
2, 2.5220997735467923, 0.7241829498888432, 3.9999999999999996, 0
3, 2.5220997735467923, 0.7241829498888432, 3.9999999999999996, 0
4, 2.5220997735467923, 0.7241829498888432, 3.9999999999999996, 0
5, 2.5220997735467923, 0.7241829498888432, 3.9999999999999996, 0
6, 1.8979886432886313, 0.06105912309473996, 3.9999999999999996, 1
7, 1.8979886432886313, 0.06105912309473996, 3.9999999999999996, 1
8, 1.8979886432886313, 0.06105912309473996, 3.9999999999999996, 1
9, 1.8979886432886313, 0.06105912309473996, 3.9999999999999996, 1
10, 1.8979886432886313, 0.06105912309473996, 3.9999999999999996, 1
11, 1.8979886432886313, 0.06105912309473996, 3.9999999999999996, 1
12, 1.8979886432886313, 0.06105912309473996, 3.9999999999999996, 1
13, 1.8979886432886313, 0.06105912309473996, 3.9999999999999996, 1
14, 1.8979886432886313, 0.06105912309473996, 3.9999999999999996, 1
15, 1.8979886432886313, 0.06105912309473996, 3.9999999999999996, 1
16, 1.8979886432886313, 0.06105912309473996, 3.9999999999999996, 1
17, 1.8979886432886313, 0.06105912309473996, 3.9999999999999996, 1
18, 1.8979886432886313, 0.06105912309473996, 3.9999999999999996, 1
19, 1.8979886432886313, 0.06105912309473996, 3.9999999999999996, 1
20, 1.8979886432886313, 0.06105912309473996, 3.9999999999999996, 1
21, 1.8979886432886313, 0.06105912309473996, 3.9999999999999996, 1
22, 1.6170838425987621, 0.2181823355453761, 3.0377278678912902, 0
23, 1.6170838425987621, 0.2181823355453761, 3.0377278678912902, 0
24, 1.6170838425987621, 0.2181823355453761, 3.0377278678912902, 0
25, 1.6170838425987621, 0.2181823355453761, 3.0377278678912902, 0
26, 1.6170838425987621, 0.2181823355453761, 3.0377278678912902, 0
27, 1.6170838425987621, 0.2181823355453761, 3.0377278678912902, 0
28, 1.6170838425987621, 0.2181823355453761, 3.0377278678912902, 0
29, 1.6170838425987621, 0.2181823355453761, 3.0377278678912902, 0
30, 1.6170838425987621, 0.2181823355453761, 3.0377278678912902, 0
31, 1.6170838425987621, 0.2181823355453761, 3.0377278678912902, 0
32, 1.6170838425987621, 0.2181823355453761, 3.0377278678912902, 0
33, 1.6170838425987621, 0.2181823355453761, 3.0377278678912902, 0
34, 1.6170838425987621, 0.2181823355453761, 3.0377278678912902, 0
35, 1.6170838425987621, 0.2181823355453761, 3.0377278678912902, 0
36, 1.6170838425987621, 0.2181823355453761, 3.0377278678912902, 0
37, 1.6170838425987621, 0.2181823355453761, 3.0377278678912902, 0
38, 1.6170838425987621, 0.2181823355453761, 3.0377278678912902, 0
39, 1.6170838425987621, 0.2181823355453761, 3.0377278678912902, 0
40, 1.6170838425987621, 0.2181823355453761, 3.0377278678912902, 0
41, 1.6170838425987621, 0.2181823355453761, 3.0377278678912902, 0
42, 1.6170838425987621, 0.2181823355453761, 3.0377278678912902, 0
43, 1.6170838425987621, 0.2181823355453761, 3.0377278678912902, 0
44, 1.6170838425987621, 0.2181823355453761, 3.0377278678912902, 0
45, 1.6170838425987621, 0.2181823355453761, 3.0377278678912902, 0
46, 1.6170838425987621, 0.2181823355453761, 3.0377278678912902, 0
47, 1.6170838425987621, 0.2181823355453761, 3.0377278678912902, 0
48, 1.6170838425987621, 0.2181823355453761, 3.0377278678912902, 0
49, 1.6170838425987621, 0.2181823355453761, 3.0377278678912902, 0
50, 1.6170838425987621, 0.2181823355453761, 3.0377278678912902, 0
51, 1.6170838425987621, 0.2181823355453761, 3.0377278678912902, 0
52, 1.6170838425987621, 0.2181823355453761, 3.0377278678912902, 0
53, 1.6170838425987621, 0.2181823355453761, 3.0377278678912902, 0
54, 1.6170838425987621, 0.2181823355453761, 3.0377278678912902, 0
55, 1.6170838425987621, 0.2181823355453761, 3.0377278678912902, 0
56, 1.6170838425987621, 0.2181823355453761, 3.0377278678912902, 0
57, 1.6170838425987621, 0.2181823355453761, 3.0377278678912902, 0
58, 1.6170838425987621, 0.2181823355453761, 3.0377278678912902, 0
59, 1.6170838425987621, 0.2181823355453761, 3.0377278678912902, 0
60, 1.6170838425987621, 0.2181823355453761, 3.0377278678912902, 0
61, 1.6170838425987621, 0.2181823355453761, 3.0377278678912902, 0
62, 1.6170838425987621, 0.2181823355453761, 3.0377278678912902, 0
63, 1.6170838425987621, 0.2181823355453761, 3.0377278678912902, 0
64, 1.6170838425987621, 0.2181823355453761, 3.0377278678912902, 0
65, 1.6170838425987621, 0.2181823355453761, 3.0377278678912902, 0
66, 1.6170838425987621, 0.2181823355453761, 3.0377278678912902, 0
67, 1.6170838425987621, 0.2181823355453761, 3.0377278678912902, 0
68, 1.6170838425987621, 0.2181823355453761, 3.0377278678912902, 0
69, 1.6170838425987621, 0.2181823355453761, 3.0377278678912902, 0
70, 1.6170838425987621, 0.2181823355453761, 3.0377278678912902, 0
71, 1.6170838425987621, 0.2181823355453761, 3.0377278678912902, 0
72, 1.6170838425987621, 0.2181823355453761, 3.0377278678912902, 0
73, 1.6170838425987621, 0.2181823355453761, 3.0377278678912902, 0
74, 1.6170838425987621, 0.2181823355453761, 3.0377278678912902, 0
75, 1.6170838425987621, 0.2181823355453761, 3.0377278678912902, 0
76, 1.6170838425987621, 0.2181823355453761, 3.0377278678912902, 0
77, 1.6170838425987621, 0.2181823355453761, 3.0377278678912902, 0
78, 1.6170838425987621, 0.2181823355453761, 3.0377278678912902, 0
79, 1.6170838425987621, 0.2181823355453761, 3.0377278678912902, 0
80, 1.6170838425987621, 0.2181823355453761, 3.0377278678912902, 0
81, 1.6170838425987621, 0.2181823355453761, 3.0377278678912902, 0
82, 1.6170838425987621, 0.2181823355453761, 3.0377278678912902, 0
83, 1.6170838425987621, 0.2181823355453761, 3.0377278678912902, 0
84, 1.6170838425987621, 0.2181823355453761, 3.0377278678912902, 0
85, 1.6170838425987621, 0.2181823355453761, 3.0377278678912902, 0
86, 1.6170838425987621, 0.2181823355453761, 3.0377278678912902, 0
87, 1.6170838425987621, 0.2181823355453761, 3.0377278678912902, 0
88, 1.6170838425987621, 0.2181823355453761, 3.0377278678912902, 0
89, 1.6170838425987621, 0.2181823355453761, 3.0377278678912902, 0
90, 1.6170838425987621, 0.2181823355453761, 3.0377278678912902, 0
91, 1.6170838425987621, 0.2181823355453761, 3.0377278678912902, 0
92, 1.6170838425987621, 0.2181823355453761, 3.0377278678912902, 0
93, 1.6170838425987621, 0.2181823355453761, 3.0377278678912902, 0
94, 1.6170838425987621, 0.2181823355453761, 3.0377278678912902, 0
95, 1.6170838425987621, 0.2181823355453761, 3.0377278678912902, 0
96, 1.6170838425987621, 0.2181823355453761, 3.0377278678912902, 0
97, 1.6170838425987621, 0.2181823355453761, 3.0377278678912902, 0
98, 1.6170838425987621, 0.2181823355453761, 3.0377278678912902, 0
99, 1.6170838425987621, 0.2181823355453761, 3.0377278678912902, 0
100, 1.6170838425987621, 0.2181823355453761, 3.0377278678912902, 0
101, 1.6170838425987621, 0.2181823355453761, 3.0377278678912902, 0
102, 1.6170838425987621, 0.2181823355453761, 3.0377278678912902, 0
103, 1.6170838425987621, 0.2181823355453761, 3.0377278678912902, 0
104, 1.6170838425987621, 0.2181823355453761, 3.0377278678912902, 0
105, 1.6170838425987621, 0.2181823355453761, 3.0377278678912902, 0
106, 1.6170838425987621, 0.2181823355453761, 3.0377278678912902, 0
107, 1.6170838425987621, 0.2181823355453761, 3.0377278678912902, 0
108, 1.6170838425987621, 0.2181823355453761, 3.0377278678912902, 0
109, 1.6170838425987621, 0.2181823355453761, 3.0377278678912902, 0
110, 1.6170838425987621, 0.2181823355453761, 3.0377278678912902, 0
111, 1.6170838425987621, 0.2181823355453761, 3.0377278678912902, 0
112, 1.6170838425987621, 0.2181823355453761, 3.0377278678912902, 0
113, 1.6170838425987621, 0.2181823355453761, 3.0377278678912902, 0
114, 1.6170838425987621, 0.2181823355453761, 3.0377278678912902, 0
115, 1.6170838425987621, 0.2181823355453761, 3.0377278678912902, 0
116, 1.6170838425987621, 0.2181823355453761, 3.0377278678912902, 0
117, 1.6170838425987621, 0.2181823355453761, 3.0377278678912902, 0
118, 1.6170838425987621, 0.2181823355453761, 3.0377278678912902, 0
119, 1.6170838425987621, 0.2181823355453761, 3.0377278678912902, 0
120, 1.6170838425987621, 0.2181823355453761, 3.0377278678912902, 0
121, 1.6170838425987621, 0.2181823355453761, 3.0377278678912902, 0
122, 1.6170838425987621, 0.2181823355453761, 3.0377278678912902, 0
123, 1.6170838425987621, 0.2181823355453761, 3.0377278678912902, 0
124, 1.6170838425987621, 0.2181823355453761, 3.0377278678912902, 0
125, 1.6170838425987621, 0.2181823355453761, 3.0377278678912902, 0
126, 1.6170838425987621, 0.2181823355453761, 3.0377278678912902, 0
127, 1.6170838425987621, 0.2181823355453761, 3.0377278678912902, 0
128, 1.6170838425987621, 0.2181823355453761, 3.0377278678912902, 0
129, 1.6170838425987621, 0.2181823355453761, 3.0377278678912902, 0
130, 1.6170838425987621, 0.2181823355453761, 3.0377278678912902, 0
131, 1.6170838425987621, 0.2181823355453761, 3.0377278678912902, 0
132, 1.6170838425987621, 0.2181823355453761, 3.0377278678912902, 0
133, 1.6170838425987621, 0.2181823355453761, 3.0377278678912902, 0
134, 1.6170838425987621, 0.2181823355453761, 3.0377278678912902, 0
135, 1.6170838425987621, 0.2181823355453761, 3.0377278678912902, 0
136, 1.6170838425987621, 0.2181823355453761, 3.0377278678912902, 0
137, 1.6170838425987621, 0.2181823355453761, 3.0377278678912902, 0
138, 1.6170838425987621, 0.2181823355453761, 3.0377278678912902, 0
139, 1.6170838425987621, 0.2181823355453761, 3.0377278678912902, 0
140, 1.6170838425987621, 0.2181823355453761, 3.0377278678912902, 0
141, 1.6170838425987621, 0.2181823355453761, 3.0377278678912902, 0
142, 1.6170838425987621, 0.2181823355453761, 3.0377278678912902, 0
143, 1.6170838425987621, 0.2181823355453761, 3.0377278678912902, 0
144, 1.6170838425987621, 0.2181823355453761, 3.0377278678912902, 0
145, 1.6170838425987621, 0.2181823355453761, 3.0377278678912902, 0
146, 1.6170838425987621, 0.2181823355453761, 3.0377278678912902, 0
147, 1.6170838425987621, 0.2181823355453761, 3.0377278678912902, 0
148, 1.6170838425987621, 0.2181823355453761, 3.0377278678912902, 0
149, 1.6170838425987621, 0.2181823355453761, 3.0377278678912902, 0
150, 1.6170838425987621, 0.2181823355453761, 3.0377278678912902, 0
151, 1.6170838425987621, 0.2181823355453761, 3.0377278678912902, 0
152, 1.6170838425987621, 0.2181823355453761, 3.0377278678912902, 0
153, 1.6170838425987621, 0.2181823355453761, 3.0377278678912902, 0
154, 1.6170838425987621, 0.2181823355453761, 3.0377278678912902, 0
155, 1.6170838425987621, 0.2181823355453761, 3.0377278678912902, 0
156, 1.6170838425987621, 0.2181823355453761, 3.0377278678912902, 0
157, 1.6170838425987621, 0.2181823355453761, 3.0377278678912902, 0
158, 1.6170838425987621, 0.2181823355453761, 3.0377278678912902, 0
159, 1.6170838425987621, 0.2181823355453761, 3.0377278678912902, 0
160, 1.6170838425987621, 0.2181823355453761, 3.0377278678912902, 0
161, 1.6170838425987621, 0.2181823355453761, 3.0377278678912902, 0
162, 1.6170838425987621, 0.2181823355453761, 3.0377278678912902, 0
163, 1.6170838425987621, 0.2181823355453761, 3.0377278678912902, 0
164, 1.6170838425987621, 0.2181823355453761, 3.0377278678912902, 0
165, 1.6170838425987621, 0.2181823355453761, 3.0377278678912902, 0
166, 1.6170838425987621, 0.2181823355453761, 3.0377278678912902, 0
167, 1.6170838425987621, 0.2181823355453761, 3.0377278678912902, 0
168, 1.6170838425987621, 0.2181823355453761, 3.0377278678912902, 0
169, 1.6170838425987621, 0.2181823355453761, 3.0377278678912902, 0
170, 1.6170838425987621, 0.2181823355453761, 3.0377278678912902, 0
171, 1.6170838425987621, 0.2181823355453761, 3.0377278678912902, 0
172, 1.3676940761146832, 0.2371862714824691, 2.5049303949867445, 0
173, 1.3676940761146832, 0.2371862714824691, 2.5049303949867445, 0
174, 1.3676940761146832, 0.2371862714824691, 2.5049303949867445, 0
175, 1.3676940761146832, 0.2371862714824691, 2.5049303949867445, 0
176, 1.3676940761146832, 0.2371862714824691, 2.5049303949867445, 0
177, 1.3676940761146832, 0.2371862714824691, 2.5049303949867445, 0
178, 1.3676940761146832, 0.2371862714824691, 2.5049303949867445, 0
179, 1.3676940761146832, 0.2371862714824691, 2.5049303949867445, 0
180, 1.3676940761146832, 0.2371862714824691, 2.5049303949867445, 0
181, 1.3676940761146832, 0.2371862714824691, 2.5049303949867445, 0
182, 1.3676940761146832, 0.2371862714824691, 2.5049303949867445, 0
183, 1.3676940761146832, 0.2371862714824691, 2.5049303949867445, 0
184, 1.3676940761146832, 0.2371862714824691, 2.5049303949867445, 0
185, 1.3676940761146832, 0.2371862714824691, 2.5049303949867445, 0
186, 1.3676940761146832, 0.2371862714824691, 2.5049303949867445, 0
187, 1.3676940761146832, 0.2371862714824691, 2.5049303949867445, 0
188, 1.3676940761146832, 0.2371862714824691, 2.5049303949867445, 0
189, 1.3676940761146832, 0.2371862714824691, 2.5049303949867445, 0
190, 1.3676940761146832, 0.2371862714824691, 2.5049303949867445, 0
191, 1.3676940761146832, 0.2371862714824691, 2.5049303949867445, 0
192, 1.3676940761146832, 0.2371862714824691, 2.5049303949867445, 0
193, 1.3676940761146832, 0.2371862714824691, 2.5049303949867445, 0
194, 1.3676940761146832, 0.2371862714824691, 2.5049303949867445, 0
195, 1.3676940761146832, 0.2371862714824691, 2.5049303949867445, 0
196, 1.3676940761146832, 0.2371862714824691, 2.5049303949867445, 0
197, 1.3676940761146832, 0.2371862714824691, 2.5049303949867445, 0
198, 1.3676940761146832, 0.2371862714824691, 2.5049303949867445, 0
199, 1.3676940761146832, 0.2371862714824691, 2.5049303949867445, 0
200, 1.3676940761146832, 0.2371862714824691, 2.5049303949867445, 0
201, 1.3676940761146832, 0.2371862714824691, 2.5049303949867445, 0
202, 1.3676940761146832, 0.2371862714824691, 2.5049303949867445, 0
203, 1.3676940761146832, 0.2371862714824691, 2.5049303949867445, 0
204, 1.3676940761146832, 0.2371862714824691, 2.5049303949867445, 0
205, 1.3676940761146832, 0.2371862714824691, 2.5049303949867445, 0
206, 1.3676940761146832, 0.2371862714824691, 2.5049303949867445, 0
207, 1.3676940761146832, 0.2371862714824691, 2.5049303949867445, 0
208, 1.3676940761146832, 0.2371862714824691, 2.5049303949867445, 0
209, 1.3676940761146832, 0.2371862714824691, 2.5049303949867445, 0
210, 1.3676940761146832, 0.2371862714824691, 2.5049303949867445, 0
211, 1.3676940761146832, 0.2371862714824691, 2.5049303949867445, 0
212, 1.3676940761146832, 0.2371862714824691, 2.5049303949867445, 0
213, 1.3676940761146832, 0.2371862714824691, 2.5049303949867445, 0
214, 1.3676940761146832, 0.2371862714824691, 2.5049303949867445, 0
215, 1.3676940761146832, 0.2371862714824691, 2.5049303949867445, 0
216, 1.3676940761146832, 0.2371862714824691, 2.5049303949867445, 0
217, 1.3676940761146832, 0.2371862714824691, 2.5049303949867445, 0
218, 1.3676940761146832, 0.2371862714824691, 2.5049303949867445, 0
219, 1.3676940761146832, 0.2371862714824691, 2.5049303949867445, 0
220, 1.3676940761146832, 0.2371862714824691, 2.5049303949867445, 0
221, 1.3676940761146832, 0.2371862714824691, 2.5049303949867445, 0
222, 1.3676940761146832, 0.2371862714824691, 2.5049303949867445, 0
223, 1.3676940761146832, 0.2371862714824691, 2.5049303949867445, 0
224, 1.3676940761146832, 0.2371862714824691, 2.5049303949867445, 0
225, 1.3676940761146832, 0.2371862714824691, 2.5049303949867445, 0
226, 1.3676940761146832, 0.2371862714824691, 2.5049303949867445, 0
227, 1.3676940761146832, 0.2371862714824691, 2.5049303949867445, 0
228, 1.3676940761146832, 0.2371862714824691, 2.5049303949867445, 0
229, 1.3676940761146832, 0.2371862714824691, 2.5049303949867445, 0
230, 1.3676940761146832, 0.2371862714824691, 2.5049303949867445, 0
231, 1.3676940761146832, 0.2371862714824691, 2.5049303949867445, 0
232, 1.3676940761146832, 0.2371862714824691, 2.5049303949867445, 0
233, 1.3676940761146832, 0.2371862714824691, 2.5049303949867445, 0
234, 1.3676940761146832, 0.2371862714824691, 2.5049303949867445, 0
235, 1.3676940761146832, 0.2371862714824691, 2.5049303949867445, 0
236, 1.3676940761146832, 0.2371862714824691, 2.5049303949867445, 0
237, 1.3676940761146832, 0.2371862714824691, 2.5049303949867445, 0
238, 1.3020533279261919, 0.24834333345678106, 2.430054615724313, 0
239, 1.3020533279261919, 0.24834333345678106, 2.430054615724313, 0
240, 1.3020533279261919, 0.24834333345678106, 2.430054615724313, 0
241, 1.3020533279261919, 0.24834333345678106, 2.430054615724313, 0
242, 1.3020533279261919, 0.24834333345678106, 2.430054615724313, 0
243, 1.3020533279261919, 0.24834333345678106, 2.430054615724313, 0
244, 1.3020533279261919, 0.24834333345678106, 2.430054615724313, 0
245, 1.3020533279261919, 0.24834333345678106, 2.430054615724313, 0
246, 1.3020533279261919, 0.24834333345678106, 2.430054615724313, 0
247, 1.3020533279261919, 0.24834333345678106, 2.430054615724313, 0
248, 1.3020533279261919, 0.24834333345678106, 2.430054615724313, 0
249, 1.3020533279261919, 0.24834333345678106, 2.430054615724313, 0
250, 1.3020533279261919, 0.24834333345678106, 2.430054615724313, 0
251, 1.3020533279261919, 0.24834333345678106, 2.430054615724313, 0
252, 1.3020533279261919, 0.24834333345678106, 2.430054615724313, 0
253, 1.3020533279261919, 0.24834333345678106, 2.430054615724313, 0
254, 1.3020533279261919, 0.24834333345678106, 2.430054615724313, 0
255, 1.3020533279261919, 0.24834333345678106, 2.430054615724313, 0
256, 1.3020533279261919, 0.24834333345678106, 2.430054615724313, 0
257, 1.3020533279261919, 0.24834333345678106, 2.430054615724313, 0
258, 1.3020533279261919, 0.24834333345678106, 2.430054615724313, 0
259, 1.3020533279261919, 0.24834333345678106, 2.430054615724313, 0
260, 1.3020533279261919, 0.24834333345678106, 2.430054615724313, 0
261, 1.3020533279261919, 0.24834333345678106, 2.430054615724313, 0
262, 1.3020533279261919, 0.24834333345678106, 2.430054615724313, 0
263, 1.3020533279261919, 0.24834333345678106, 2.430054615724313, 0
264, 1.3020533279261919, 0.24834333345678106, 2.430054615724313, 0
265, 1.3020533279261919, 0.24834333345678106, 2.430054615724313, 0
266, 1.3020533279261919, 0.24834333345678106, 2.430054615724313, 0
267, 1.3020533279261919, 0.24834333345678106, 2.430054615724313, 0
268, 1.3020533279261919, 0.24834333345678106, 2.430054615724313, 0
269, 1.3020533279261919, 0.24834333345678106, 2.430054615724313, 0
270, 1.3020533279261919, 0.24834333345678106, 2.430054615724313, 0
271, 1.3020533279261919, 0.24834333345678106, 2.430054615724313, 0
272, 1.3020533279261919, 0.24834333345678106, 2.430054615724313, 0
273, 1.3020533279261919, 0.24834333345678106, 2.430054615724313, 0
274, 1.3020533279261919, 0.24834333345678106, 2.430054615724313, 0
275, 1.3020533279261919, 0.24834333345678106, 2.430054615724313, 0
276, 1.3020533279261919, 0.24834333345678106, 2.430054615724313, 0
277, 1.3020533279261919, 0.24834333345678106, 2.430054615724313, 0
278, 1.3020533279261919, 0.24834333345678106, 2.430054615724313, 0
279, 1.3020533279261919, 0.24834333345678106, 2.430054615724313, 0
280, 1.3020533279261919, 0.24834333345678106, 2.430054615724313, 0
281, 1.3020533279261919, 0.24834333345678106, 2.430054615724313, 0
282, 1.3020533279261919, 0.24834333345678106, 2.430054615724313, 0
283, 1.3020533279261919, 0.24834333345678106, 2.430054615724313, 0
284, 1.3020533279261919, 0.24834333345678106, 2.430054615724313, 0
285, 1.3020533279261919, 0.24834333345678106, 2.430054615724313, 0
286, 1.3020533279261919, 0.24834333345678106, 2.430054615724313, 0
287, 1.3020533279261919, 0.24834333345678106, 2.430054615724313, 0
288, 1.3020533279261919, 0.24834333345678106, 2.430054615724313, 0
289, 1.3020533279261919, 0.24834333345678106, 2.430054615724313, 0
290, 1.3020533279261919, 0.24834333345678106, 2.430054615724313, 0
291, 1.3020533279261919, 0.24834333345678106, 2.430054615724313, 0
292, 1.3020533279261919, 0.24834333345678106, 2.430054615724313, 0
293, 1.3020533279261919, 0.24834333345678106, 2.430054615724313, 0
294, 1.3020533279261919, 0.24834333345678106, 2.430054615724313, 0
295, 1.3020533279261919, 0.24834333345678106, 2.430054615724313, 0
296, 1.3020533279261919, 0.24834333345678106, 2.430054615724313, 0
297, 1.3020533279261919, 0.24834333345678106, 2.430054615724313, 0
298, 1.3020533279261919, 0.24834333345678106, 2.430054615724313, 0
299, 1.3020533279261919, 0.24834333345678106, 2.430054615724313, 0
300, 1.3020533279261919, 0.24834333345678106, 2.430054615724313, 0
301, 1.3020533279261919, 0.24834333345678106, 2.430054615724313, 0
302, 1.3020533279261919, 0.24834333345678106, 2.430054615724313, 0
303, 1.3020533279261919, 0.24834333345678106, 2.430054615724313, 0
304, 1.3020533279261919, 0.24834333345678106, 2.430054615724313, 0
305, 1.3020533279261919, 0.24834333345678106, 2.430054615724313, 0
306, 1.3020533279261919, 0.24834333345678106, 2.430054615724313, 0
307, 1.3020533279261919, 0.24834333345678106, 2.430054615724313, 0
308, 1.3020533279261919, 0.24834333345678106, 2.430054615724313, 0
309, 1.3020533279261919, 0.24834333345678106, 2.430054615724313, 0
310, 1.3020533279261919, 0.24834333345678106, 2.430054615724313, 0
311, 1.3020533279261919, 0.24834333345678106, 2.430054615724313, 0
312, 1.3020533279261919, 0.24834333345678106, 2.430054615724313, 0
313, 1.3020533279261919, 0.24834333345678106, 2.430054615724313, 0
314, 1.3020533279261919, 0.24834333345678106, 2.430054615724313, 0
315, 1.3020533279261919, 0.24834333345678106, 2.430054615724313, 0
316, 1.3020533279261919, 0.24834333345678106, 2.430054615724313, 0
317, 1.3020533279261919, 0.24834333345678106, 2.430054615724313, 0
318, 1.3020533279261919, 0.24834333345678106, 2.430054615724313, 0
319, 1.3020533279261919, 0.24834333345678106, 2.430054615724313, 0
320, 1.3020533279261919, 0.24834333345678106, 2.430054615724313, 0
321, 1.3020533279261919, 0.24834333345678106, 2.430054615724313, 0
322, 1.3020533279261919, 0.24834333345678106, 2.430054615724313, 0
323, 1.3020533279261919, 0.24834333345678106, 2.430054615724313, 0
324, 1.3020533279261919, 0.24834333345678106, 2.430054615724313, 0
325, 1.3020533279261919, 0.24834333345678106, 2.430054615724313, 0
326, 1.3020533279261919, 0.24834333345678106, 2.430054615724313, 0
327, 1.3020533279261919, 0.24834333345678106, 2.430054615724313, 0
328, 1.3020533279261919, 0.24834333345678106, 2.430054615724313, 0
329, 1.3020533279261919, 0.24834333345678106, 2.430054615724313, 0
330, 1.3020533279261919, 0.24834333345678106, 2.430054615724313, 0
331, 1.3020533279261919, 0.24834333345678106, 2.430054615724313, 0
332, 1.3020533279261919, 0.24834333345678106, 2.430054615724313, 0
333, 1.3020533279261919, 0.24834333345678106, 2.430054615724313, 0
334, 1.3020533279261919, 0.24834333345678106, 2.430054615724313, 0
335, 1.3020533279261919, 0.24834333345678106, 2.430054615724313, 0
336, 1.3020533279261919, 0.24834333345678106, 2.430054615724313, 0
337, 1.3020533279261919, 0.24834333345678106, 2.430054615724313, 0
338, 1.3020533279261919, 0.24834333345678106, 2.430054615724313, 0
339, 1.3020533279261919, 0.24834333345678106, 2.430054615724313, 0
340, 1.3020533279261919, 0.24834333345678106, 2.430054615724313, 0
341, 1.3020533279261919, 0.24834333345678106, 2.430054615724313, 0
342, 1.3020533279261919, 0.24834333345678106, 2.430054615724313, 0
343, 1.3020533279261919, 0.24834333345678106, 2.430054615724313, 0
344, 1.3020533279261919, 0.24834333345678106, 2.430054615724313, 0
345, 1.3020533279261919, 0.24834333345678106, 2.430054615724313, 0
346, 1.3020533279261919, 0.24834333345678106, 2.430054615724313, 0
347, 1.3020533279261919, 0.24834333345678106, 2.430054615724313, 0
348, 1.3020533279261919, 0.24834333345678106, 2.430054615724313, 0
349, 1.3020533279261919, 0.24834333345678106, 2.430054615724313, 0
350, 1.3020533279261919, 0.24834333345678106, 2.430054615724313, 0
351, 1.3020533279261919, 0.24834333345678106, 2.430054615724313, 0
352, 1.3020533279261919, 0.24834333345678106, 2.430054615724313, 0
353, 1.3020533279261919, 0.24834333345678106, 2.430054615724313, 0
354, 1.3020533279261919, 0.24834333345678106, 2.430054615724313, 0
355, 1.3020533279261919, 0.24834333345678106, 2.430054615724313, 0
356, 1.3020533279261919, 0.24834333345678106, 2.430054615724313, 0
357, 1.3020533279261919, 0.24834333345678106, 2.430054615724313, 0
358, 1.3020533279261919, 0.24834333345678106, 2.430054615724313, 0
359, 1.3020533279261919, 0.24834333345678106, 2.430054615724313, 0
360, 1.3020533279261919, 0.24834333345678106, 2.430054615724313, 0
361, 1.3020533279261919, 0.24834333345678106, 2.430054615724313, 0
362, 1.3020533279261919, 0.24834333345678106, 2.430054615724313, 0
363, 1.3020533279261919, 0.24834333345678106, 2.430054615724313, 0
364, 1.3020533279261919, 0.24834333345678106, 2.430054615724313, 0
365, 1.3020533279261919, 0.24834333345678106, 2.430054615724313, 0
366, 1.3020533279261919, 0.24834333345678106, 2.430054615724313, 0
367, 1.3020533279261919, 0.24834333345678106, 2.430054615724313, 0
368, 1.3020533279261919, 0.24834333345678106, 2.430054615724313, 0
369, 1.3020533279261919, 0.24834333345678106, 2.430054615724313, 0
370, 1.3020533279261919, 0.24834333345678106, 2.430054615724313, 0
371, 1.3020533279261919, 0.24834333345678106, 2.430054615724313, 0
372, 1.3020533279261919, 0.24834333345678106, 2.430054615724313, 0
373, 1.3020533279261919, 0.24834333345678106, 2.430054615724313, 0
374, 1.3020533279261919, 0.24834333345678106, 2.430054615724313, 0
375, 1.3020533279261919, 0.24834333345678106, 2.430054615724313, 0
376, 1.3020533279261919, 0.24834333345678106, 2.430054615724313, 0
377, 1.3020533279261919, 0.24834333345678106, 2.430054615724313, 0
378, 1.3020533279261919, 0.24834333345678106, 2.430054615724313, 0
379, 1.3020533279261919, 0.24834333345678106, 2.430054615724313, 0
380, 1.3020533279261919, 0.24834333345678106, 2.430054615724313, 0
381, 1.3020533279261919, 0.24834333345678106, 2.430054615724313, 0
382, 1.3020533279261919, 0.24834333345678106, 2.430054615724313, 0
383, 1.3020533279261919, 0.24834333345678106, 2.430054615724313, 0
384, 1.3020533279261919, 0.24834333345678106, 2.430054615724313, 0
385, 1.3020533279261919, 0.24834333345678106, 2.430054615724313, 0
386, 1.3020533279261919, 0.24834333345678106, 2.430054615724313, 0
387, 1.3020533279261919, 0.24834333345678106, 2.430054615724313, 0
388, 1.3020533279261919, 0.24834333345678106, 2.430054615724313, 0
389, 1.3020533279261919, 0.24834333345678106, 2.430054615724313, 0
390, 1.3020533279261919, 0.24834333345678106, 2.430054615724313, 0
391, 1.3020533279261919, 0.24834333345678106, 2.430054615724313, 0
392, 1.3020533279261919, 0.24834333345678106, 2.430054615724313, 0
393, 1.3020533279261919, 0.24834333345678106, 2.430054615724313, 0
394, 1.3020533279261919, 0.24834333345678106, 2.430054615724313, 0
395, 1.3020533279261919, 0.24834333345678106, 2.430054615724313, 0
396, 1.3020533279261919, 0.24834333345678106, 2.430054615724313, 0
397, 1.3020533279261919, 0.24834333345678106, 2.430054615724313, 0
398, 1.3020533279261919, 0.24834333345678106, 2.430054615724313, 0
399, 1.3020533279261919, 0.24834333345678106, 2.430054615724313, 0
400, 1.3020533279261919, 0.24834333345678106, 2.430054615724313, 0
401, 1.3020533279261919, 0.24834333345678106, 2.430054615724313, 0
402, 1.3020533279261919, 0.24834333345678106, 2.430054615724313, 0
403, 1.3020533279261919, 0.24834333345678106, 2.430054615724313, 0
404, 1.3020533279261919, 0.24834333345678106, 2.430054615724313, 0
405, 1.3020533279261919, 0.24834333345678106, 2.430054615724313, 0
406, 1.3020533279261919, 0.24834333345678106, 2.430054615724313, 0
407, 1.3020533279261919, 0.24834333345678106, 2.430054615724313, 0
408, 1.3020533279261919, 0.24834333345678106, 2.430054615724313, 0
409, 1.3020533279261919, 0.24834333345678106, 2.430054615724313, 0
410, 1.3020533279261919, 0.24834333345678106, 2.430054615724313, 0
411, 1.3020533279261919, 0.24834333345678106, 2.430054615724313, 0
412, 1.3020533279261919, 0.24834333345678106, 2.430054615724313, 0
413, 1.3020533279261919, 0.24834333345678106, 2.430054615724313, 0
414, 1.3020533279261919, 0.24834333345678106, 2.430054615724313, 0
415, 1.3020533279261919, 0.24834333345678106, 2.430054615724313, 0
416, 1.3020533279261919, 0.24834333345678106, 2.430054615724313, 0
417, 1.3020533279261919, 0.24834333345678106, 2.430054615724313, 0
418, 1.3020533279261919, 0.24834333345678106, 2.430054615724313, 0
419, 1.3020533279261919, 0.24834333345678106, 2.430054615724313, 0
420, 1.3020533279261919, 0.24834333345678106, 2.430054615724313, 0
421, 1.3020533279261919, 0.24834333345678106, 2.430054615724313, 0
422, 1.3020533279261919, 0.24834333345678106, 2.430054615724313, 0
423, 1.3020533279261919, 0.24834333345678106, 2.430054615724313, 0
424, 1.3020533279261919, 0.24834333345678106, 2.430054615724313, 0
425, 1.3020533279261919, 0.24834333345678106, 2.430054615724313, 0
426, 1.3020533279261919, 0.24834333345678106, 2.430054615724313, 0
427, 1.3020533279261919, 0.24834333345678106, 2.430054615724313, 0
428, 1.3020533279261919, 0.24834333345678106, 2.430054615724313, 0
429, 1.3020533279261919, 0.24834333345678106, 2.430054615724313, 0
430, 1.3020533279261919, 0.24834333345678106, 2.430054615724313, 0
431, 1.3020533279261919, 0.24834333345678106, 2.430054615724313, 0
432, 1.3020533279261919, 0.24834333345678106, 2.430054615724313, 0
433, 1.3020533279261919, 0.24834333345678106, 2.430054615724313, 0
434, 1.3020533279261919, 0.24834333345678106, 2.430054615724313, 0
435, 1.3020533279261919, 0.24834333345678106, 2.430054615724313, 0
436, 1.3020533279261919, 0.24834333345678106, 2.430054615724313, 0
437, 1.3020533279261919, 0.24834333345678106, 2.430054615724313, 0
438, 1.3020533279261919, 0.24834333345678106, 2.430054615724313, 0
439, 1.3020533279261919, 0.24834333345678106, 2.430054615724313, 0
440, 1.3020533279261919, 0.24834333345678106, 2.430054615724313, 0
441, 1.3020533279261919, 0.24834333345678106, 2.430054615724313, 0
442, 1.3020533279261919, 0.24834333345678106, 2.430054615724313, 0
443, 1.3020533279261919, 0.24834333345678106, 2.430054615724313, 0
444, 1.3020533279261919, 0.24834333345678106, 2.430054615724313, 0
445, 1.3020533279261919, 0.24834333345678106, 2.430054615724313, 0
446, 1.3020533279261919, 0.24834333345678106, 2.430054615724313, 0
447, 1.3020533279261919, 0.24834333345678106, 2.430054615724313, 0
448, 1.3020533279261919, 0.24834333345678106, 2.430054615724313, 0
449, 1.3020533279261919, 0.24834333345678106, 2.430054615724313, 0
450, 1.3020533279261919, 0.24834333345678106, 2.430054615724313, 0
451, 1.3020533279261919, 0.24834333345678106, 2.430054615724313, 0
452, 1.3020533279261919, 0.24834333345678106, 2.430054615724313, 0
453, 1.3020533279261919, 0.24834333345678106, 2.430054615724313, 0
454, 1.3020533279261919, 0.24834333345678106, 2.430054615724313, 0
455, 1.3020533279261919, 0.24834333345678106, 2.430054615724313, 0
456, 1.3020533279261919, 0.24834333345678106, 2.430054615724313, 0
457, 1.3020533279261919, 0.24834333345678106, 2.430054615724313, 0
458, 1.3020533279261919, 0.24834333345678106, 2.430054615724313, 0
459, 1.3020533279261919, 0.24834333345678106, 2.430054615724313, 0
460, 1.3020533279261919, 0.24834333345678106, 2.430054615724313, 0
461, 1.3020533279261919, 0.24834333345678106, 2.430054615724313, 0
462, 1.3020533279261919, 0.24834333345678106, 2.430054615724313, 0
463, 1.3020533279261919, 0.24834333345678106, 2.430054615724313, 0
464, 1.3020533279261919, 0.24834333345678106, 2.430054615724313, 0
465, 1.3020533279261919, 0.24834333345678106, 2.430054615724313, 0
466, 1.3020533279261919, 0.24834333345678106, 2.430054615724313, 0
467, 1.3020533279261919, 0.24834333345678106, 2.430054615724313, 0
468, 1.3020533279261919, 0.24834333345678106, 2.430054615724313, 0
469, 1.3020533279261919, 0.24834333345678106, 2.430054615724313, 0
470, 1.3020533279261919, 0.24834333345678106, 2.430054615724313, 0
471, 1.3020533279261919, 0.24834333345678106, 2.430054615724313, 0
472, 1.3020533279261919, 0.24834333345678106, 2.430054615724313, 0
473, 1.3020533279261919, 0.24834333345678106, 2.430054615724313, 0
474, 1.3020533279261919, 0.24834333345678106, 2.430054615724313, 0
475, 1.3020533279261919, 0.24834333345678106, 2.430054615724313, 0
476, 1.3020533279261919, 0.24834333345678106, 2.430054615724313, 0
477, 1.3020533279261919, 0.24834333345678106, 2.430054615724313, 0
478, 1.3020533279261919, 0.24834333345678106, 2.430054615724313, 0
479, 1.3020533279261919, 0.24834333345678106, 2.430054615724313, 0
480, 1.3020533279261919, 0.24834333345678106, 2.430054615724313, 0
481, 1.3020533279261919, 0.24834333345678106, 2.430054615724313, 0
482, 1.3020533279261919, 0.24834333345678106, 2.430054615724313, 0
483, 1.3020533279261919, 0.24834333345678106, 2.430054615724313, 0
484, 1.3020533279261919, 0.24834333345678106, 2.430054615724313, 0
485, 1.3020533279261919, 0.24834333345678106, 2.430054615724313, 0
486, 1.3020533279261919, 0.24834333345678106, 2.430054615724313, 0
487, 1.3020533279261919, 0.24834333345678106, 2.430054615724313, 0
488, 1.3020533279261919, 0.24834333345678106, 2.430054615724313, 0
489, 1.3020533279261919, 0.24834333345678106, 2.430054615724313, 0
490, 1.3020533279261919, 0.24834333345678106, 2.430054615724313, 0
491, 1.3020533279261919, 0.24834333345678106, 2.430054615724313, 0
492, 1.3020533279261919, 0.24834333345678106, 2.430054615724313, 0
493, 1.3020533279261919, 0.24834333345678106, 2.430054615724313, 0
494, 1.3020533279261919, 0.24834333345678106, 2.430054615724313, 0
495, 1.3020533279261919, 0.24834333345678106, 2.430054615724313, 0
496, 1.3020533279261919, 0.24834333345678106, 2.430054615724313, 0
497, 1.3020533279261919, 0.24834333345678106, 2.430054615724313, 0
498, 1.3020533279261919, 0.24834333345678106, 2.430054615724313, 0
499, 1.3020533279261919, 0.24834333345678106, 2.430054615724313, 0
500, 1.3020533279261919, 0.24834333345678106, 2.430054615724313, 0
501, 1.3020533279261919, 0.24834333345678106, 2.430054615724313, 0
