evals, mean, best, worst, success num
1, 2.203731535996268, 1.2865840968716398, 2.9746531476113427, 0
2, 2.203731535996268, 1.2865840968716398, 2.9746531476113427, 0
3, 1.4960311224029188, 0.30347713338471743, 2.641239171184982, 0
4, 1.4960311224029188, 0.30347713338471743, 2.641239171184982, 0
5, 1.4960311224029188, 0.30347713338471743, 2.641239171184982, 0
6, 0.2625408546368745, 0.0679576341218812, 0.7141555493753011, 1
7, 0.2625408546368745, 0.0679576341218812, 0.7141555493753011, 1
8, 0.2625408546368745, 0.0679576341218812, 0.7141555493753011, 1
9, 0.2625408546368745, 0.0679576341218812, 0.7141555493753011, 1
10, 0.2625408546368745, 0.0679576341218812, 0.7141555493753011, 1
11, 0.2625408546368745, 0.0679576341218812, 0.7141555493753011, 1
12, 0.2625408546368745, 0.0679576341218812, 0.7141555493753011, 1
13, 0.2625408546368745, 0.0679576341218812, 0.7141555493753011, 1
14, 0.2625408546368745, 0.0679576341218812, 0.7141555493753011, 1
15, 0.2625408546368745, 0.0679576341218812, 0.7141555493753011, 1
16, 0.2625408546368745, 0.0679576341218812, 0.7141555493753011, 1
17, 0.2625408546368745, 0.0679576341218812, 0.7141555493753011, 1
18, 0.2625408546368745, 0.0679576341218812, 0.7141555493753011, 1
19, 0.2625408546368745, 0.0679576341218812, 0.7141555493753011, 1
20, 0.2625408546368745, 0.0679576341218812, 0.7141555493753011, 1
21, 0.2625408546368745, 0.0679576341218812, 0.7141555493753011, 1
22, 0.2625408546368745, 0.0679576341218812, 0.7141555493753011, 1
23, 0.2625408546368745, 0.0679576341218812, 0.7141555493753011, 1
24, 0.2625408546368745, 0.0679576341218812, 0.7141555493753011, 1
25, 0.2625408546368745, 0.0679576341218812, 0.7141555493753011, 1
26, 0.09095416845286866, 0.025978800498796764, 0.20587410330615036, 2
27, 0.09095416845286866, 0.025978800498796764, 0.20587410330615036, 2
28, 0.09095416845286866, 0.025978800498796764, 0.20587410330615036, 2
29, 0.09095416845286866, 0.025978800498796764, 0.20587410330615036, 2
30, 0.09095416845286866, 0.025978800498796764, 0.20587410330615036, 2
31, 0.09095416845286866, 0.025978800498796764, 0.20587410330615036, 2
32, 0.09095416845286866, 0.025978800498796764, 0.20587410330615036, 2
33, 0.09095416845286866, 0.025978800498796764, 0.20587410330615036, 2
34, 0.09095416845286866, 0.025978800498796764, 0.20587410330615036, 2
35, 0.09095416845286866, 0.025978800498796764, 0.20587410330615036, 2
36, 0.09095416845286866, 0.025978800498796764, 0.20587410330615036, 2
37, 0.09095416845286866, 0.025978800498796764, 0.20587410330615036, 2
38, 0.09095416845286866, 0.025978800498796764, 0.20587410330615036, 2
39, 0.09095416845286866, 0.025978800498796764, 0.20587410330615036, 2
40, 0.09095416845286866, 0.025978800498796764, 0.20587410330615036, 2
41, 0.09095416845286866, 0.025978800498796764, 0.20587410330615036, 2
42, 0.09095416845286866, 0.025978800498796764, 0.20587410330615036, 2
43, 0.09095416845286866, 0.025978800498796764, 0.20587410330615036, 2
44, 0.09095416845286866, 0.025978800498796764, 0.20587410330615036, 2
45, 0.09095416845286866, 0.025978800498796764, 0.20587410330615036, 2
46, 0.09095416845286866, 0.025978800498796764, 0.20587410330615036, 2
47, 0.09095416845286866, 0.025978800498796764, 0.20587410330615036, 2
48, 0.09095416845286866, 0.025978800498796764, 0.20587410330615036, 2
49, 0.09095416845286866, 0.025978800498796764, 0.20587410330615036, 2
50, 0.09095416845286866, 0.025978800498796764, 0.20587410330615036, 2
51, 0.09095416845286866, 0.025978800498796764, 0.20587410330615036, 2
52, 0.09095416845286866, 0.025978800498796764, 0.20587410330615036, 2
53, 0.09095416845286866, 0.025978800498796764, 0.20587410330615036, 2
54, 0.09095416845286866, 0.025978800498796764, 0.20587410330615036, 2
55, 0.09095416845286866, 0.025978800498796764, 0.20587410330615036, 2
56, 0.09095416845286866, 0.025978800498796764, 0.20587410330615036, 2
57, 0.09095416845286866, 0.025978800498796764, 0.20587410330615036, 2
58, 0.09095416845286866, 0.025978800498796764, 0.20587410330615036, 2
59, 0.09095416845286866, 0.025978800498796764, 0.20587410330615036, 2
60, 0.09095416845286866, 0.025978800498796764, 0.20587410330615036, 2
61, 0.09095416845286866, 0.025978800498796764, 0.20587410330615036, 2
62, 0.09095416845286866, 0.025978800498796764, 0.20587410330615036, 2
63, 0.09095416845286866, 0.025978800498796764, 0.20587410330615036, 2
64, 0.09095416845286866, 0.025978800498796764, 0.20587410330615036, 2
65, 0.09095416845286866, 0.025978800498796764, 0.20587410330615036, 2
66, 0.09095416845286866, 0.025978800498796764, 0.20587410330615036, 2
67, 0.09095416845286866, 0.025978800498796764, 0.20587410330615036, 2
68, 0.09095416845286866, 0.025978800498796764, 0.20587410330615036, 2
69, 0.09095416845286866, 0.025978800498796764, 0.20587410330615036, 2
70, 0.09095416845286866, 0.025978800498796764, 0.20587410330615036, 2
71, 0.09095416845286866, 0.025978800498796764, 0.20587410330615036, 2
72, 0.09095416845286866, 0.025978800498796764, 0.20587410330615036, 2
73, 0.09095416845286866, 0.025978800498796764, 0.20587410330615036, 2
74, 0.09095416845286866, 0.025978800498796764, 0.20587410330615036, 2
75, 0.09095416845286866, 0.025978800498796764, 0.20587410330615036, 2
76, 0.09095416845286866, 0.025978800498796764, 0.20587410330615036, 2
77, 0.09095416845286866, 0.025978800498796764, 0.20587410330615036, 2
78, 0.09095416845286866, 0.025978800498796764, 0.20587410330615036, 2
79, 0.09095416845286866, 0.025978800498796764, 0.20587410330615036, 2
80, 0.09095416845286866, 0.025978800498796764, 0.20587410330615036, 2
81, 0.09095416845286866, 0.025978800498796764, 0.20587410330615036, 2
82, 0.09095416845286866, 0.025978800498796764, 0.20587410330615036, 2
83, 0.09095416845286866, 0.025978800498796764, 0.20587410330615036, 2
84, 0.09095416845286866, 0.025978800498796764, 0.20587410330615036, 2
85, 0.09095416845286866, 0.025978800498796764, 0.20587410330615036, 2
86, 0.09095416845286866, 0.025978800498796764, 0.20587410330615036, 2
87, 0.09095416845286866, 0.025978800498796764, 0.20587410330615036, 2
88, 0.09095416845286866, 0.025978800498796764, 0.20587410330615036, 2
89, 0.09095416845286866, 0.025978800498796764, 0.20587410330615036, 2
90, 0.09095416845286866, 0.025978800498796764, 0.20587410330615036, 2
91, 0.09095416845286866, 0.025978800498796764, 0.20587410330615036, 2
92, 0.09095416845286866, 0.025978800498796764, 0.20587410330615036, 2
93, 0.09095416845286866, 0.025978800498796764, 0.20587410330615036, 2
94, 0.09095416845286866, 0.025978800498796764, 0.20587410330615036, 2
95, 0.09095416845286866, 0.025978800498796764, 0.20587410330615036, 2
96, 0.09095416845286866, 0.025978800498796764, 0.20587410330615036, 2
97, 0.09095416845286866, 0.025978800498796764, 0.20587410330615036, 2
98, 0.09095416845286866, 0.025978800498796764, 0.20587410330615036, 2
99, 0.09095416845286866, 0.025978800498796764, 0.20587410330615036, 2
100, 0.09095416845286866, 0.025978800498796764, 0.20587410330615036, 2
101, 0.09095416845286866, 0.025978800498796764, 0.20587410330615036, 2
102, 0.09095416845286866, 0.025978800498796764, 0.20587410330615036, 2
103, 0.09095416845286866, 0.025978800498796764, 0.20587410330615036, 2
104, 0.09095416845286866, 0.025978800498796764, 0.20587410330615036, 2
105, 0.09095416845286866, 0.025978800498796764, 0.20587410330615036, 2
106, 0.09095416845286866, 0.025978800498796764, 0.20587410330615036, 2
107, 0.09095416845286866, 0.025978800498796764, 0.20587410330615036, 2
108, 0.09095416845286866, 0.025978800498796764, 0.20587410330615036, 2
109, 0.09095416845286866, 0.025978800498796764, 0.20587410330615036, 2
110, 0.09095416845286866, 0.025978800498796764, 0.20587410330615036, 2
111, 0.09095416845286866, 0.025978800498796764, 0.20587410330615036, 2
112, 0.09095416845286866, 0.025978800498796764, 0.20587410330615036, 2
113, 0.09095416845286866, 0.025978800498796764, 0.20587410330615036, 2
114, 0.09095416845286866, 0.025978800498796764, 0.20587410330615036, 2
115, 0.09095416845286866, 0.025978800498796764, 0.20587410330615036, 2
116, 0.09095416845286866, 0.025978800498796764, 0.20587410330615036, 2
117, 0.09095416845286866, 0.025978800498796764, 0.20587410330615036, 2
118, 0.09095416845286866, 0.025978800498796764, 0.20587410330615036, 2
119, 0.09095416845286866, 0.025978800498796764, 0.20587410330615036, 2
120, 0.09095416845286866, 0.025978800498796764, 0.20587410330615036, 2
121, 0.09095416845286866, 0.025978800498796764, 0.20587410330615036, 2
122, 0.09095416845286866, 0.025978800498796764, 0.20587410330615036, 2
123, 0.09095416845286866, 0.025978800498796764, 0.20587410330615036, 2
124, 0.09095416845286866, 0.025978800498796764, 0.20587410330615036, 2
125, 0.09095416845286866, 0.025978800498796764, 0.20587410330615036, 2
126, 0.09095416845286866, 0.025978800498796764, 0.20587410330615036, 2
127, 0.09095416845286866, 0.025978800498796764, 0.20587410330615036, 2
128, 0.09095416845286866, 0.025978800498796764, 0.20587410330615036, 2
129, 0.058747226120508284, 0.0440489428626992, 0.07323795931282025, 4
130, 0.058747226120508284, 0.0440489428626992, 0.07323795931282025, 4
131, 0.058747226120508284, 0.0440489428626992, 0.07323795931282025, 4
132, 0.058747226120508284, 0.0440489428626992, 0.07323795931282025, 4
133, 0.058747226120508284, 0.0440489428626992, 0.07323795931282025, 4
134, 0.058747226120508284, 0.0440489428626992, 0.07323795931282025, 4
135, 0.058747226120508284, 0.0440489428626992, 0.07323795931282025, 4
136, 0.058747226120508284, 0.0440489428626992, 0.07323795931282025, 4
137, 0.058747226120508284, 0.0440489428626992, 0.07323795931282025, 4
138, 0.058747226120508284, 0.0440489428626992, 0.07323795931282025, 4
139, 0.058747226120508284, 0.0440489428626992, 0.07323795931282025, 4
140, 0.058747226120508284, 0.0440489428626992, 0.07323795931282025, 4
141, 0.058747226120508284, 0.0440489428626992, 0.07323795931282025, 4
142, 0.058747226120508284, 0.0440489428626992, 0.07323795931282025, 4
143, 0.058747226120508284, 0.0440489428626992, 0.07323795931282025, 4
144, 0.058747226120508284, 0.0440489428626992, 0.07323795931282025, 4
145, 0.058747226120508284, 0.0440489428626992, 0.07323795931282025, 4
146, 0.058747226120508284, 0.0440489428626992, 0.07323795931282025, 4
147, 0.058747226120508284, 0.0440489428626992, 0.07323795931282025, 4
148, 0.058747226120508284, 0.0440489428626992, 0.07323795931282025, 4
149, 0.058747226120508284, 0.0440489428626992, 0.07323795931282025, 4
150, 0.058747226120508284, 0.0440489428626992, 0.07323795931282025, 4
151, 0.058747226120508284, 0.0440489428626992, 0.07323795931282025, 4
152, 0.058747226120508284, 0.0440489428626992, 0.07323795931282025, 4
153, 0.058747226120508284, 0.0440489428626992, 0.07323795931282025, 4
154, 0.058747226120508284, 0.0440489428626992, 0.07323795931282025, 4
155, 0.058747226120508284, 0.0440489428626992, 0.07323795931282025, 4
156, 0.058747226120508284, 0.0440489428626992, 0.07323795931282025, 4
157, 0.058747226120508284, 0.0440489428626992, 0.07323795931282025, 4
158, 0.058747226120508284, 0.0440489428626992, 0.07323795931282025, 4
159, 0.058747226120508284, 0.0440489428626992, 0.07323795931282025, 4
160, 0.058747226120508284, 0.0440489428626992, 0.07323795931282025, 4
161, 0.058747226120508284, 0.0440489428626992, 0.07323795931282025, 4
162, 0.058747226120508284, 0.0440489428626992, 0.07323795931282025, 4
163, 0.058747226120508284, 0.0440489428626992, 0.07323795931282025, 4
164, 0.058747226120508284, 0.0440489428626992, 0.07323795931282025, 4
165, 0.058747226120508284, 0.0440489428626992, 0.07323795931282025, 4
166, 0.058747226120508284, 0.0440489428626992, 0.07323795931282025, 4
167, 0.058747226120508284, 0.0440489428626992, 0.07323795931282025, 4
168, 0.058747226120508284, 0.0440489428626992, 0.07323795931282025, 4
169, 0.058747226120508284, 0.0440489428626992, 0.07323795931282025, 4
170, 0.058747226120508284, 0.0440489428626992, 0.07323795931282025, 4
171, 0.058747226120508284, 0.0440489428626992, 0.07323795931282025, 4
172, 0.058747226120508284, 0.0440489428626992, 0.07323795931282025, 4
173, 0.058747226120508284, 0.0440489428626992, 0.07323795931282025, 4
174, 0.058747226120508284, 0.0440489428626992, 0.07323795931282025, 4
175, 0.058747226120508284, 0.0440489428626992, 0.07323795931282025, 4
176, 0.058747226120508284, 0.0440489428626992, 0.07323795931282025, 4
177, 0.058747226120508284, 0.0440489428626992, 0.07323795931282025, 4
178, 0.058747226120508284, 0.0440489428626992, 0.07323795931282025, 4
179, 0.058747226120508284, 0.0440489428626992, 0.07323795931282025, 4
180, 0.058747226120508284, 0.0440489428626992, 0.07323795931282025, 4
181, 0.058747226120508284, 0.0440489428626992, 0.07323795931282025, 4
182, 0.058747226120508284, 0.0440489428626992, 0.07323795931282025, 4
183, 0.058747226120508284, 0.0440489428626992, 0.07323795931282025, 4
184, 0.058747226120508284, 0.0440489428626992, 0.07323795931282025, 4
185, 0.058747226120508284, 0.0440489428626992, 0.07323795931282025, 4
186, 0.058747226120508284, 0.0440489428626992, 0.07323795931282025, 4
187, 0.058747226120508284, 0.0440489428626992, 0.07323795931282025, 4
188, 0.058747226120508284, 0.0440489428626992, 0.07323795931282025, 4
189, 0.058747226120508284, 0.0440489428626992, 0.07323795931282025, 4
190, 0.058747226120508284, 0.0440489428626992, 0.07323795931282025, 4
191, 0.058747226120508284, 0.0440489428626992, 0.07323795931282025, 4
192, 0.058747226120508284, 0.0440489428626992, 0.07323795931282025, 4
193, 0.058747226120508284, 0.0440489428626992, 0.07323795931282025, 4
194, 0.058747226120508284, 0.0440489428626992, 0.07323795931282025, 4
195, 0.058747226120508284, 0.0440489428626992, 0.07323795931282025, 4
196, 0.058747226120508284, 0.0440489428626992, 0.07323795931282025, 4
197, 0.058747226120508284, 0.0440489428626992, 0.07323795931282025, 4
198, 0.058747226120508284, 0.0440489428626992, 0.07323795931282025, 4
199, 0.058747226120508284, 0.0440489428626992, 0.07323795931282025, 4
200, 0.058747226120508284, 0.0440489428626992, 0.07323795931282025, 4
201, 0.058747226120508284, 0.0440489428626992, 0.07323795931282025, 4
202, 0.058747226120508284, 0.0440489428626992, 0.07323795931282025, 4
203, 0.058747226120508284, 0.0440489428626992, 0.07323795931282025, 4
204, 0.058747226120508284, 0.0440489428626992, 0.07323795931282025, 4
205, 0.058747226120508284, 0.0440489428626992, 0.07323795931282025, 4
206, 0.058747226120508284, 0.0440489428626992, 0.07323795931282025, 4
207, 0.058747226120508284, 0.0440489428626992, 0.07323795931282025, 4
208, 0.058747226120508284, 0.0440489428626992, 0.07323795931282025, 4
209, 0.058747226120508284, 0.0440489428626992, 0.07323795931282025, 4
210, 0.058747226120508284, 0.0440489428626992, 0.07323795931282025, 4
211, 0.058747226120508284, 0.0440489428626992, 0.07323795931282025, 4
212, 0.058747226120508284, 0.0440489428626992, 0.07323795931282025, 4
213, 0.058747226120508284, 0.0440489428626992, 0.07323795931282025, 4
214, 0.058747226120508284, 0.0440489428626992, 0.07323795931282025, 4
215, 0.058747226120508284, 0.0440489428626992, 0.07323795931282025, 4
216, 0.058747226120508284, 0.0440489428626992, 0.07323795931282025, 4
217, 0.058747226120508284, 0.0440489428626992, 0.07323795931282025, 4
218, 0.058747226120508284, 0.0440489428626992, 0.07323795931282025, 4
219, 0.058747226120508284, 0.0440489428626992, 0.07323795931282025, 4
220, 0.058747226120508284, 0.0440489428626992, 0.07323795931282025, 4
221, 0.058747226120508284, 0.0440489428626992, 0.07323795931282025, 4
222, 0.058747226120508284, 0.0440489428626992, 0.07323795931282025, 4
223, 0.058747226120508284, 0.0440489428626992, 0.07323795931282025, 4
224, 0.058747226120508284, 0.0440489428626992, 0.07323795931282025, 4
225, 0.058747226120508284, 0.0440489428626992, 0.07323795931282025, 4
226, 0.058747226120508284, 0.0440489428626992, 0.07323795931282025, 4
227, 0.058747226120508284, 0.0440489428626992, 0.07323795931282025, 4
228, 0.058747226120508284, 0.0440489428626992, 0.07323795931282025, 4
229, 0.058747226120508284, 0.0440489428626992, 0.07323795931282025, 4
230, 0.058747226120508284, 0.0440489428626992, 0.07323795931282025, 4
231, 0.058747226120508284, 0.0440489428626992, 0.07323795931282025, 4
232, 0.058747226120508284, 0.0440489428626992, 0.07323795931282025, 4
233, 0.058747226120508284, 0.0440489428626992, 0.07323795931282025, 4
234, 0.058747226120508284, 0.0440489428626992, 0.07323795931282025, 4
235, 0.058747226120508284, 0.0440489428626992, 0.07323795931282025, 4
236, 0.058747226120508284, 0.0440489428626992, 0.07323795931282025, 4
237, 0.058747226120508284, 0.0440489428626992, 0.07323795931282025, 4
238, 0.058747226120508284, 0.0440489428626992, 0.07323795931282025, 4
239, 0.058747226120508284, 0.0440489428626992, 0.07323795931282025, 4
240, 0.058747226120508284, 0.0440489428626992, 0.07323795931282025, 4
241, 0.058747226120508284, 0.0440489428626992, 0.07323795931282025, 4
242, 0.058747226120508284, 0.0440489428626992, 0.07323795931282025, 4
243, 0.058747226120508284, 0.0440489428626992, 0.07323795931282025, 4
244, 0.058747226120508284, 0.0440489428626992, 0.07323795931282025, 4
245, 0.058747226120508284, 0.0440489428626992, 0.07323795931282025, 4
246, 0.058747226120508284, 0.0440489428626992, 0.07323795931282025, 4
247, 0.058747226120508284, 0.0440489428626992, 0.07323795931282025, 4
248, 0.058747226120508284, 0.0440489428626992, 0.07323795931282025, 4
249, 0.058747226120508284, 0.0440489428626992, 0.07323795931282025, 4
250, 0.058747226120508284, 0.0440489428626992, 0.07323795931282025, 4
251, 0.058747226120508284, 0.0440489428626992, 0.07323795931282025, 4
252, 0.058747226120508284, 0.0440489428626992, 0.07323795931282025, 4
253, 0.058747226120508284, 0.0440489428626992, 0.07323795931282025, 4
254, 0.058747226120508284, 0.0440489428626992, 0.07323795931282025, 4
255, 0.058747226120508284, 0.0440489428626992, 0.07323795931282025, 4
256, 0.058747226120508284, 0.0440489428626992, 0.07323795931282025, 4
257, 0.058747226120508284, 0.0440489428626992, 0.07323795931282025, 4
258, 0.058747226120508284, 0.0440489428626992, 0.07323795931282025, 4
259, 0.058747226120508284, 0.0440489428626992, 0.07323795931282025, 4
260, 0.058747226120508284, 0.0440489428626992, 0.07323795931282025, 4
261, 0.058747226120508284, 0.0440489428626992, 0.07323795931282025, 4
262, 0.058747226120508284, 0.0440489428626992, 0.07323795931282025, 4
263, 0.058747226120508284, 0.0440489428626992, 0.07323795931282025, 4
264, 0.058747226120508284, 0.0440489428626992, 0.07323795931282025, 4
265, 0.058747226120508284, 0.0440489428626992, 0.07323795931282025, 4
266, 0.058747226120508284, 0.0440489428626992, 0.07323795931282025, 4
267, 0.058747226120508284, 0.0440489428626992, 0.07323795931282025, 4
268, 0.058747226120508284, 0.0440489428626992, 0.07323795931282025, 4
269, 0.058747226120508284, 0.0440489428626992, 0.07323795931282025, 4
270, 0.058747226120508284, 0.0440489428626992, 0.07323795931282025, 4
271, 0.058747226120508284, 0.0440489428626992, 0.07323795931282025, 4
272, 0.058747226120508284, 0.0440489428626992, 0.07323795931282025, 4
273, 0.058747226120508284, 0.0440489428626992, 0.07323795931282025, 4
274, 0.058747226120508284, 0.0440489428626992, 0.07323795931282025, 4
275, 0.058747226120508284, 0.0440489428626992, 0.07323795931282025, 4
276, 0.058747226120508284, 0.0440489428626992, 0.07323795931282025, 4
277, 0.058747226120508284, 0.0440489428626992, 0.07323795931282025, 4
278, 0.058747226120508284, 0.0440489428626992, 0.07323795931282025, 4
279, 0.058747226120508284, 0.0440489428626992, 0.07323795931282025, 4
280, 0.058747226120508284, 0.0440489428626992, 0.07323795931282025, 4
281, 0.058747226120508284, 0.0440489428626992, 0.07323795931282025, 4
282, 0.058747226120508284, 0.0440489428626992, 0.07323795931282025, 4
283, 0.058747226120508284, 0.0440489428626992, 0.07323795931282025, 4
284, 0.058747226120508284, 0.0440489428626992, 0.07323795931282025, 4
285, 0.058747226120508284, 0.0440489428626992, 0.07323795931282025, 4
286, 0.058747226120508284, 0.0440489428626992, 0.07323795931282025, 4
287, 0.058747226120508284, 0.0440489428626992, 0.07323795931282025, 4
288, 0.058747226120508284, 0.0440489428626992, 0.07323795931282025, 4
289, 0.058747226120508284, 0.0440489428626992, 0.07323795931282025, 4
290, 0.058747226120508284, 0.0440489428626992, 0.07323795931282025, 4
291, 0.058747226120508284, 0.0440489428626992, 0.07323795931282025, 4
292, 0.058747226120508284, 0.0440489428626992, 0.07323795931282025, 4
293, 0.058747226120508284, 0.0440489428626992, 0.07323795931282025, 4
294, 0.058747226120508284, 0.0440489428626992, 0.07323795931282025, 4
295, 0.058747226120508284, 0.0440489428626992, 0.07323795931282025, 4
296, 0.058747226120508284, 0.0440489428626992, 0.07323795931282025, 4
297, 0.058747226120508284, 0.0440489428626992, 0.07323795931282025, 4
298, 0.058747226120508284, 0.0440489428626992, 0.07323795931282025, 4
299, 0.058747226120508284, 0.0440489428626992, 0.07323795931282025, 4
300, 0.058747226120508284, 0.0440489428626992, 0.07323795931282025, 4
301, 0.058747226120508284, 0.0440489428626992, 0.07323795931282025, 4
302, 0.058747226120508284, 0.0440489428626992, 0.07323795931282025, 4
303, 0.058747226120508284, 0.0440489428626992, 0.07323795931282025, 4
304, 0.058747226120508284, 0.0440489428626992, 0.07323795931282025, 4
305, 0.058747226120508284, 0.0440489428626992, 0.07323795931282025, 4
306, 0.058747226120508284, 0.0440489428626992, 0.07323795931282025, 4
307, 0.058747226120508284, 0.0440489428626992, 0.07323795931282025, 4
308, 0.058747226120508284, 0.0440489428626992, 0.07323795931282025, 4
309, 0.058747226120508284, 0.0440489428626992, 0.07323795931282025, 4
310, 0.058747226120508284, 0.0440489428626992, 0.07323795931282025, 4
311, 0.058747226120508284, 0.0440489428626992, 0.07323795931282025, 4
312, 0.058747226120508284, 0.0440489428626992, 0.07323795931282025, 4
313, 0.058747226120508284, 0.0440489428626992, 0.07323795931282025, 4
314, 0.045647085492234625, 0.018789506516476213, 0.09030274515004, 3
315, 0.045647085492234625, 0.018789506516476213, 0.09030274515004, 3
316, 0.045647085492234625, 0.018789506516476213, 0.09030274515004, 3
317, 0.045647085492234625, 0.018789506516476213, 0.09030274515004, 3
318, 0.045647085492234625, 0.018789506516476213, 0.09030274515004, 3
319, 0.045647085492234625, 0.018789506516476213, 0.09030274515004, 3
320, 0.045647085492234625, 0.018789506516476213, 0.09030274515004, 3
321, 0.045647085492234625, 0.018789506516476213, 0.09030274515004, 3
322, 0.045647085492234625, 0.018789506516476213, 0.09030274515004, 3
323, 0.045647085492234625, 0.018789506516476213, 0.09030274515004, 3
324, 0.045647085492234625, 0.018789506516476213, 0.09030274515004, 3
325, 0.045647085492234625, 0.018789506516476213, 0.09030274515004, 3
326, 0.045647085492234625, 0.018789506516476213, 0.09030274515004, 3
327, 0.045647085492234625, 0.018789506516476213, 0.09030274515004, 3
328, 0.045647085492234625, 0.018789506516476213, 0.09030274515004, 3
329, 0.045647085492234625, 0.018789506516476213, 0.09030274515004, 3
330, 0.045647085492234625, 0.018789506516476213, 0.09030274515004, 3
331, 0.045647085492234625, 0.018789506516476213, 0.09030274515004, 3
332, 0.045647085492234625, 0.018789506516476213, 0.09030274515004, 3
333, 0.045647085492234625, 0.018789506516476213, 0.09030274515004, 3
334, 0.045647085492234625, 0.018789506516476213, 0.09030274515004, 3
335, 0.045647085492234625, 0.018789506516476213, 0.09030274515004, 3
336, 0.045647085492234625, 0.018789506516476213, 0.09030274515004, 3
337, 0.045647085492234625, 0.018789506516476213, 0.09030274515004, 3
338, 0.045647085492234625, 0.018789506516476213, 0.09030274515004, 3
339, 0.045647085492234625, 0.018789506516476213, 0.09030274515004, 3
340, 0.045647085492234625, 0.018789506516476213, 0.09030274515004, 3
341, 0.045647085492234625, 0.018789506516476213, 0.09030274515004, 3
342, 0.045647085492234625, 0.018789506516476213, 0.09030274515004, 3
343, 0.045647085492234625, 0.018789506516476213, 0.09030274515004, 3
344, 0.045647085492234625, 0.018789506516476213, 0.09030274515004, 3
345, 0.045647085492234625, 0.018789506516476213, 0.09030274515004, 3
346, 0.045647085492234625, 0.018789506516476213, 0.09030274515004, 3
347, 0.045647085492234625, 0.018789506516476213, 0.09030274515004, 3
348, 0.045647085492234625, 0.018789506516476213, 0.09030274515004, 3
349, 0.045647085492234625, 0.018789506516476213, 0.09030274515004, 3
350, 0.045647085492234625, 0.018789506516476213, 0.09030274515004, 3
351, 0.045647085492234625, 0.018789506516476213, 0.09030274515004, 3
352, 0.045647085492234625, 0.018789506516476213, 0.09030274515004, 3
353, 0.045647085492234625, 0.018789506516476213, 0.09030274515004, 3
354, 0.045647085492234625, 0.018789506516476213, 0.09030274515004, 3
355, 0.045647085492234625, 0.018789506516476213, 0.09030274515004, 3
356, 0.045647085492234625, 0.018789506516476213, 0.09030274515004, 3
357, 0.045647085492234625, 0.018789506516476213, 0.09030274515004, 3
358, 0.045647085492234625, 0.018789506516476213, 0.09030274515004, 3
359, 0.045647085492234625, 0.018789506516476213, 0.09030274515004, 3
360, 0.045647085492234625, 0.018789506516476213, 0.09030274515004, 3
361, 0.045647085492234625, 0.018789506516476213, 0.09030274515004, 3
362, 0.045647085492234625, 0.018789506516476213, 0.09030274515004, 3
363, 0.045647085492234625, 0.018789506516476213, 0.09030274515004, 3
364, 0.045647085492234625, 0.018789506516476213, 0.09030274515004, 3
365, 0.045647085492234625, 0.018789506516476213, 0.09030274515004, 3
366, 0.045647085492234625, 0.018789506516476213, 0.09030274515004, 3
367, 0.045647085492234625, 0.018789506516476213, 0.09030274515004, 3
368, 0.045647085492234625, 0.018789506516476213, 0.09030274515004, 3
369, 0.045647085492234625, 0.018789506516476213, 0.09030274515004, 3
370, 0.045647085492234625, 0.018789506516476213, 0.09030274515004, 3
371, 0.045647085492234625, 0.018789506516476213, 0.09030274515004, 3
372, 0.045647085492234625, 0.018789506516476213, 0.09030274515004, 3
373, 0.045647085492234625, 0.018789506516476213, 0.09030274515004, 3
374, 0.045647085492234625, 0.018789506516476213, 0.09030274515004, 3
375, 0.045647085492234625, 0.018789506516476213, 0.09030274515004, 3
376, 0.045647085492234625, 0.018789506516476213, 0.09030274515004, 3
377, 0.045647085492234625, 0.018789506516476213, 0.09030274515004, 3
378, 0.045647085492234625, 0.018789506516476213, 0.09030274515004, 3
379, 0.045647085492234625, 0.018789506516476213, 0.09030274515004, 3
380, 0.045647085492234625, 0.018789506516476213, 0.09030274515004, 3
381, 0.045647085492234625, 0.018789506516476213, 0.09030274515004, 3
382, 0.045647085492234625, 0.018789506516476213, 0.09030274515004, 3
383, 0.045647085492234625, 0.018789506516476213, 0.09030274515004, 3
384, 0.045647085492234625, 0.018789506516476213, 0.09030274515004, 3
385, 0.045647085492234625, 0.018789506516476213, 0.09030274515004, 3
386, 0.045647085492234625, 0.018789506516476213, 0.09030274515004, 3
387, 0.045647085492234625, 0.018789506516476213, 0.09030274515004, 3
388, 0.045647085492234625, 0.018789506516476213, 0.09030274515004, 3
389, 0.045647085492234625, 0.018789506516476213, 0.09030274515004, 3
390, 0.045647085492234625, 0.018789506516476213, 0.09030274515004, 3
391, 0.045647085492234625, 0.018789506516476213, 0.09030274515004, 3
392, 0.045647085492234625, 0.018789506516476213, 0.09030274515004, 3
393, 0.045647085492234625, 0.018789506516476213, 0.09030274515004, 3
394, 0.045647085492234625, 0.018789506516476213, 0.09030274515004, 3
395, 0.045647085492234625, 0.018789506516476213, 0.09030274515004, 3
396, 0.045647085492234625, 0.018789506516476213, 0.09030274515004, 3
397, 0.045647085492234625, 0.018789506516476213, 0.09030274515004, 3
398, 0.045647085492234625, 0.018789506516476213, 0.09030274515004, 3
399, 0.045647085492234625, 0.018789506516476213, 0.09030274515004, 3
400, 0.045647085492234625, 0.018789506516476213, 0.09030274515004, 3
401, 0.045647085492234625, 0.018789506516476213, 0.09030274515004, 3
402, 0.045647085492234625, 0.018789506516476213, 0.09030274515004, 3
403, 0.045647085492234625, 0.018789506516476213, 0.09030274515004, 3
404, 0.045647085492234625, 0.018789506516476213, 0.09030274515004, 3
405, 0.045647085492234625, 0.018789506516476213, 0.09030274515004, 3
406, 0.045647085492234625, 0.018789506516476213, 0.09030274515004, 3
407, 0.045647085492234625, 0.018789506516476213, 0.09030274515004, 3
408, 0.045647085492234625, 0.018789506516476213, 0.09030274515004, 3
409, 0.045647085492234625, 0.018789506516476213, 0.09030274515004, 3
410, 0.045647085492234625, 0.018789506516476213, 0.09030274515004, 3
411, 0.045647085492234625, 0.018789506516476213, 0.09030274515004, 3
412, 0.045647085492234625, 0.018789506516476213, 0.09030274515004, 3
413, 0.045647085492234625, 0.018789506516476213, 0.09030274515004, 3
414, 0.045647085492234625, 0.018789506516476213, 0.09030274515004, 3
415, 0.045647085492234625, 0.018789506516476213, 0.09030274515004, 3
416, 0.045647085492234625, 0.018789506516476213, 0.09030274515004, 3
417, 0.045647085492234625, 0.018789506516476213, 0.09030274515004, 3
418, 0.045647085492234625, 0.018789506516476213, 0.09030274515004, 3
419, 0.045647085492234625, 0.018789506516476213, 0.09030274515004, 3
420, 0.045647085492234625, 0.018789506516476213, 0.09030274515004, 3
421, 0.045647085492234625, 0.018789506516476213, 0.09030274515004, 3
422, 0.045647085492234625, 0.018789506516476213, 0.09030274515004, 3
423, 0.045647085492234625, 0.018789506516476213, 0.09030274515004, 3
424, 0.045647085492234625, 0.018789506516476213, 0.09030274515004, 3
425, 0.045647085492234625, 0.018789506516476213, 0.09030274515004, 3
426, 0.045647085492234625, 0.018789506516476213, 0.09030274515004, 3
427, 0.045647085492234625, 0.018789506516476213, 0.09030274515004, 3
428, 0.045647085492234625, 0.018789506516476213, 0.09030274515004, 3
429, 0.045647085492234625, 0.018789506516476213, 0.09030274515004, 3
430, 0.045647085492234625, 0.018789506516476213, 0.09030274515004, 3
431, 0.045647085492234625, 0.018789506516476213, 0.09030274515004, 3
432, 0.045647085492234625, 0.018789506516476213, 0.09030274515004, 3
433, 0.045647085492234625, 0.018789506516476213, 0.09030274515004, 3
434, 0.045647085492234625, 0.018789506516476213, 0.09030274515004, 3
435, 0.045647085492234625, 0.018789506516476213, 0.09030274515004, 3
436, 0.045647085492234625, 0.018789506516476213, 0.09030274515004, 3
437, 0.045647085492234625, 0.018789506516476213, 0.09030274515004, 3
438, 0.045647085492234625, 0.018789506516476213, 0.09030274515004, 3
439, 0.045647085492234625, 0.018789506516476213, 0.09030274515004, 3
440, 0.045647085492234625, 0.018789506516476213, 0.09030274515004, 3
441, 0.045647085492234625, 0.018789506516476213, 0.09030274515004, 3
442, 0.045647085492234625, 0.018789506516476213, 0.09030274515004, 3
443, 0.045647085492234625, 0.018789506516476213, 0.09030274515004, 3
444, 0.045647085492234625, 0.018789506516476213, 0.09030274515004, 3
445, 0.045647085492234625, 0.018789506516476213, 0.09030274515004, 3
446, 0.045647085492234625, 0.018789506516476213, 0.09030274515004, 3
447, 0.045647085492234625, 0.018789506516476213, 0.09030274515004, 3
448, 0.045647085492234625, 0.018789506516476213, 0.09030274515004, 3
449, 0.045647085492234625, 0.018789506516476213, 0.09030274515004, 3
450, 0.045647085492234625, 0.018789506516476213, 0.09030274515004, 3
451, 0.045647085492234625, 0.018789506516476213, 0.09030274515004, 3
452, 0.045647085492234625, 0.018789506516476213, 0.09030274515004, 3
453, 0.045647085492234625, 0.018789506516476213, 0.09030274515004, 3
454, 0.045647085492234625, 0.018789506516476213, 0.09030274515004, 3
455, 0.045647085492234625, 0.018789506516476213, 0.09030274515004, 3
456, 0.045647085492234625, 0.018789506516476213, 0.09030274515004, 3
457, 0.045647085492234625, 0.018789506516476213, 0.09030274515004, 3
458, 0.045647085492234625, 0.018789506516476213, 0.09030274515004, 3
459, 0.045647085492234625, 0.018789506516476213, 0.09030274515004, 3
460, 0.045647085492234625, 0.018789506516476213, 0.09030274515004, 3
461, 0.045647085492234625, 0.018789506516476213, 0.09030274515004, 3
462, 0.045647085492234625, 0.018789506516476213, 0.09030274515004, 3
463, 0.045647085492234625, 0.018789506516476213, 0.09030274515004, 3
464, 0.045647085492234625, 0.018789506516476213, 0.09030274515004, 3
465, 0.045647085492234625, 0.018789506516476213, 0.09030274515004, 3
466, 0.045647085492234625, 0.018789506516476213, 0.09030274515004, 3
467, 0.045647085492234625, 0.018789506516476213, 0.09030274515004, 3
468, 0.045647085492234625, 0.018789506516476213, 0.09030274515004, 3
469, 0.045647085492234625, 0.018789506516476213, 0.09030274515004, 3
470, 0.045647085492234625, 0.018789506516476213, 0.09030274515004, 3
471, 0.045647085492234625, 0.018789506516476213, 0.09030274515004, 3
472, 0.045647085492234625, 0.018789506516476213, 0.09030274515004, 3
473, 0.045647085492234625, 0.018789506516476213, 0.09030274515004, 3
474, 0.045647085492234625, 0.018789506516476213, 0.09030274515004, 3
475, 0.045647085492234625, 0.018789506516476213, 0.09030274515004, 3
476, 0.045647085492234625, 0.018789506516476213, 0.09030274515004, 3
477, 0.045647085492234625, 0.018789506516476213, 0.09030274515004, 3
478, 0.045647085492234625, 0.018789506516476213, 0.09030274515004, 3
479, 0.045647085492234625, 0.018789506516476213, 0.09030274515004, 3
480, 0.045647085492234625, 0.018789506516476213, 0.09030274515004, 3
481, 0.045647085492234625, 0.018789506516476213, 0.09030274515004, 3
482, 0.045647085492234625, 0.018789506516476213, 0.09030274515004, 3
483, 0.045647085492234625, 0.018789506516476213, 0.09030274515004, 3
484, 0.045647085492234625, 0.018789506516476213, 0.09030274515004, 3
485, 0.045647085492234625, 0.018789506516476213, 0.09030274515004, 3
486, 0.045647085492234625, 0.018789506516476213, 0.09030274515004, 3
487, 0.045647085492234625, 0.018789506516476213, 0.09030274515004, 3
488, 0.045647085492234625, 0.018789506516476213, 0.09030274515004, 3
489, 0.045647085492234625, 0.018789506516476213, 0.09030274515004, 3
490, 0.045647085492234625, 0.018789506516476213, 0.09030274515004, 3
491, 0.045647085492234625, 0.018789506516476213, 0.09030274515004, 3
492, 0.045647085492234625, 0.018789506516476213, 0.09030274515004, 3
493, 0.045647085492234625, 0.018789506516476213, 0.09030274515004, 3
494, 0.045647085492234625, 0.018789506516476213, 0.09030274515004, 3
495, 0.045647085492234625, 0.018789506516476213, 0.09030274515004, 3
496, 0.045647085492234625, 0.018789506516476213, 0.09030274515004, 3
497, 0.045647085492234625, 0.018789506516476213, 0.09030274515004, 3
498, 0.045647085492234625, 0.018789506516476213, 0.09030274515004, 3
499, 0.045647085492234625, 0.018789506516476213, 0.09030274515004, 3
500, 0.045647085492234625, 0.018789506516476213, 0.09030274515004, 3
501, 0.045647085492234625, 0.018789506516476213, 0.09030274515004, 3
