evals, mean, best, worst, success num
1, 3.762376995908605, 3.417402517494677, 3.9999999999999996, 0
2, 3.7452699040171122, 3.478481610804623, 3.9999999999999996, 0
3, 3.6893049167495864, 3.450286924759986, 3.948512236069556, 0
4, 3.301220928567995, 3.0700485881203816, 3.535548530042027, 0
5, 3.160499586999369, 2.5865387693307142, 3.7243527441753814, 0
6, 3.160499586999369, 2.5865387693307142, 3.7243527441753814, 0
7, 3.160499586999369, 2.5865387693307142, 3.7243527441753814, 0
8, 3.160499586999369, 2.5865387693307142, 3.7243527441753814, 0
9, 2.7487248972346454, 1.733071864712559, 3.623113470234972, 0
10, 2.7487248972346454, 1.733071864712559, 3.623113470234972, 0
11, 2.7487248972346454, 1.733071864712559, 3.623113470234972, 0
12, 2.7487248972346454, 1.733071864712559, 3.623113470234972, 0
13, 2.7487248972346454, 1.733071864712559, 3.623113470234972, 0
14, 2.7487248972346454, 1.733071864712559, 3.623113470234972, 0
15, 2.7487248972346454, 1.733071864712559, 3.623113470234972, 0
16, 2.7487248972346454, 1.733071864712559, 3.623113470234972, 0
17, 2.7487248972346454, 1.733071864712559, 3.623113470234972, 0
18, 2.7487248972346454, 1.733071864712559, 3.623113470234972, 0
19, 2.7487248972346454, 1.733071864712559, 3.623113470234972, 0
20, 2.7487248972346454, 1.733071864712559, 3.623113470234972, 0
21, 2.7487248972346454, 1.733071864712559, 3.623113470234972, 0
22, 2.7487248972346454, 1.733071864712559, 3.623113470234972, 0
23, 2.7487248972346454, 1.733071864712559, 3.623113470234972, 0
24, 2.7487248972346454, 1.733071864712559, 3.623113470234972, 0
25, 2.0063778056106214, 0.17047577606338357, 3.35521855936363, 0
26, 2.0063778056106214, 0.17047577606338357, 3.35521855936363, 0
27, 2.0063778056106214, 0.17047577606338357, 3.35521855936363, 0
28, 2.0063778056106214, 0.17047577606338357, 3.35521855936363, 0
29, 2.0063778056106214, 0.17047577606338357, 3.35521855936363, 0
30, 2.0063778056106214, 0.17047577606338357, 3.35521855936363, 0
31, 2.0063778056106214, 0.17047577606338357, 3.35521855936363, 0
32, 2.0063778056106214, 0.17047577606338357, 3.35521855936363, 0
33, 2.0063778056106214, 0.17047577606338357, 3.35521855936363, 0
34, 2.0063778056106214, 0.17047577606338357, 3.35521855936363, 0
35, 2.0063778056106214, 0.17047577606338357, 3.35521855936363, 0
36, 2.0063778056106214, 0.17047577606338357, 3.35521855936363, 0
37, 2.0063778056106214, 0.17047577606338357, 3.35521855936363, 0
38, 2.0063778056106214, 0.17047577606338357, 3.35521855936363, 0
39, 2.0063778056106214, 0.17047577606338357, 3.35521855936363, 0
40, 2.0063778056106214, 0.17047577606338357, 3.35521855936363, 0
41, 2.0063778056106214, 0.17047577606338357, 3.35521855936363, 0
42, 2.0063778056106214, 0.17047577606338357, 3.35521855936363, 0
43, 2.0063778056106214, 0.17047577606338357, 3.35521855936363, 0
44, 2.0063778056106214, 0.17047577606338357, 3.35521855936363, 0
45, 2.0063778056106214, 0.17047577606338357, 3.35521855936363, 0
46, 2.0063778056106214, 0.17047577606338357, 3.35521855936363, 0
47, 2.0063778056106214, 0.17047577606338357, 3.35521855936363, 0
48, 2.0063778056106214, 0.17047577606338357, 3.35521855936363, 0
49, 2.0063778056106214, 0.17047577606338357, 3.35521855936363, 0
50, 2.0063778056106214, 0.17047577606338357, 3.35521855936363, 0
51, 2.0063778056106214, 0.17047577606338357, 3.35521855936363, 0
52, 2.0063778056106214, 0.17047577606338357, 3.35521855936363, 0
53, 2.0063778056106214, 0.17047577606338357, 3.35521855936363, 0
54, 2.0063778056106214, 0.17047577606338357, 3.35521855936363, 0
55, 2.0063778056106214, 0.17047577606338357, 3.35521855936363, 0
56, 2.0063778056106214, 0.17047577606338357, 3.35521855936363, 0
57, 2.0063778056106214, 0.17047577606338357, 3.35521855936363, 0
58, 2.0063778056106214, 0.17047577606338357, 3.35521855936363, 0
59, 2.0063778056106214, 0.17047577606338357, 3.35521855936363, 0
60, 2.0063778056106214, 0.17047577606338357, 3.35521855936363, 0
61, 2.0063778056106214, 0.17047577606338357, 3.35521855936363, 0
62, 2.0063778056106214, 0.17047577606338357, 3.35521855936363, 0
63, 2.0063778056106214, 0.17047577606338357, 3.35521855936363, 0
64, 2.0063778056106214, 0.17047577606338357, 3.35521855936363, 0
65, 2.0063778056106214, 0.17047577606338357, 3.35521855936363, 0
66, 2.0063778056106214, 0.17047577606338357, 3.35521855936363, 0
67, 2.0063778056106214, 0.17047577606338357, 3.35521855936363, 0
68, 2.0063778056106214, 0.17047577606338357, 3.35521855936363, 0
69, 2.0063778056106214, 0.17047577606338357, 3.35521855936363, 0
70, 2.0063778056106214, 0.17047577606338357, 3.35521855936363, 0
71, 2.0063778056106214, 0.17047577606338357, 3.35521855936363, 0
72, 2.0063778056106214, 0.17047577606338357, 3.35521855936363, 0
73, 2.0063778056106214, 0.17047577606338357, 3.35521855936363, 0
74, 2.0063778056106214, 0.17047577606338357, 3.35521855936363, 0
75, 2.0063778056106214, 0.17047577606338357, 3.35521855936363, 0
76, 2.0063778056106214, 0.17047577606338357, 3.35521855936363, 0
77, 2.0063778056106214, 0.17047577606338357, 3.35521855936363, 0
78, 2.0063778056106214, 0.17047577606338357, 3.35521855936363, 0
79, 2.0063778056106214, 0.17047577606338357, 3.35521855936363, 0
80, 2.0063778056106214, 0.17047577606338357, 3.35521855936363, 0
81, 2.0063778056106214, 0.17047577606338357, 3.35521855936363, 0
82, 2.0063778056106214, 0.17047577606338357, 3.35521855936363, 0
83, 2.0063778056106214, 0.17047577606338357, 3.35521855936363, 0
84, 2.0063778056106214, 0.17047577606338357, 3.35521855936363, 0
85, 2.0063778056106214, 0.17047577606338357, 3.35521855936363, 0
86, 2.0063778056106214, 0.17047577606338357, 3.35521855936363, 0
87, 2.0063778056106214, 0.17047577606338357, 3.35521855936363, 0
88, 2.0063778056106214, 0.17047577606338357, 3.35521855936363, 0
89, 2.0063778056106214, 0.17047577606338357, 3.35521855936363, 0
90, 2.0063778056106214, 0.17047577606338357, 3.35521855936363, 0
91, 2.0063778056106214, 0.17047577606338357, 3.35521855936363, 0
92, 2.0063778056106214, 0.17047577606338357, 3.35521855936363, 0
93, 2.0063778056106214, 0.17047577606338357, 3.35521855936363, 0
94, 2.0063778056106214, 0.17047577606338357, 3.35521855936363, 0
95, 2.0063778056106214, 0.17047577606338357, 3.35521855936363, 0
96, 2.0063778056106214, 0.17047577606338357, 3.35521855936363, 0
97, 2.0063778056106214, 0.17047577606338357, 3.35521855936363, 0
98, 2.0063778056106214, 0.17047577606338357, 3.35521855936363, 0
99, 2.0063778056106214, 0.17047577606338357, 3.35521855936363, 0
100, 2.0063778056106214, 0.17047577606338357, 3.35521855936363, 0
101, 2.0063778056106214, 0.17047577606338357, 3.35521855936363, 0
102, 2.0063778056106214, 0.17047577606338357, 3.35521855936363, 0
103, 2.0063778056106214, 0.17047577606338357, 3.35521855936363, 0
104, 2.0063778056106214, 0.17047577606338357, 3.35521855936363, 0
105, 2.0063778056106214, 0.17047577606338357, 3.35521855936363, 0
106, 2.0063778056106214, 0.17047577606338357, 3.35521855936363, 0
107, 2.0063778056106214, 0.17047577606338357, 3.35521855936363, 0
108, 2.0063778056106214, 0.17047577606338357, 3.35521855936363, 0
109, 2.0063778056106214, 0.17047577606338357, 3.35521855936363, 0
110, 2.0063778056106214, 0.17047577606338357, 3.35521855936363, 0
111, 2.0063778056106214, 0.17047577606338357, 3.35521855936363, 0
112, 2.0063778056106214, 0.17047577606338357, 3.35521855936363, 0
113, 2.0063778056106214, 0.17047577606338357, 3.35521855936363, 0
114, 2.0063778056106214, 0.17047577606338357, 3.35521855936363, 0
115, 2.0063778056106214, 0.17047577606338357, 3.35521855936363, 0
116, 2.0063778056106214, 0.17047577606338357, 3.35521855936363, 0
117, 2.0063778056106214, 0.17047577606338357, 3.35521855936363, 0
118, 2.0063778056106214, 0.17047577606338357, 3.35521855936363, 0
119, 2.0063778056106214, 0.17047577606338357, 3.35521855936363, 0
120, 2.0063778056106214, 0.17047577606338357, 3.35521855936363, 0
121, 2.0063778056106214, 0.17047577606338357, 3.35521855936363, 0
122, 2.0063778056106214, 0.17047577606338357, 3.35521855936363, 0
123, 2.0063778056106214, 0.17047577606338357, 3.35521855936363, 0
124, 2.0063778056106214, 0.17047577606338357, 3.35521855936363, 0
125, 2.0063778056106214, 0.17047577606338357, 3.35521855936363, 0
126, 2.0063778056106214, 0.17047577606338357, 3.35521855936363, 0
127, 2.0063778056106214, 0.17047577606338357, 3.35521855936363, 0
128, 2.0063778056106214, 0.17047577606338357, 3.35521855936363, 0
129, 2.0063778056106214, 0.17047577606338357, 3.35521855936363, 0
130, 2.0063778056106214, 0.17047577606338357, 3.35521855936363, 0
131, 2.0063778056106214, 0.17047577606338357, 3.35521855936363, 0
132, 2.0063778056106214, 0.17047577606338357, 3.35521855936363, 0
133, 2.0063778056106214, 0.17047577606338357, 3.35521855936363, 0
134, 2.0063778056106214, 0.17047577606338357, 3.35521855936363, 0
135, 2.0063778056106214, 0.17047577606338357, 3.35521855936363, 0
136, 2.0063778056106214, 0.17047577606338357, 3.35521855936363, 0
137, 2.0063778056106214, 0.17047577606338357, 3.35521855936363, 0
138, 2.0063778056106214, 0.17047577606338357, 3.35521855936363, 0
139, 2.0063778056106214, 0.17047577606338357, 3.35521855936363, 0
140, 2.0063778056106214, 0.17047577606338357, 3.35521855936363, 0
141, 2.0063778056106214, 0.17047577606338357, 3.35521855936363, 0
142, 2.0063778056106214, 0.17047577606338357, 3.35521855936363, 0
143, 2.0063778056106214, 0.17047577606338357, 3.35521855936363, 0
144, 2.0063778056106214, 0.17047577606338357, 3.35521855936363, 0
145, 2.0063778056106214, 0.17047577606338357, 3.35521855936363, 0
146, 2.0063778056106214, 0.17047577606338357, 3.35521855936363, 0
147, 2.0063778056106214, 0.17047577606338357, 3.35521855936363, 0
148, 2.0063778056106214, 0.17047577606338357, 3.35521855936363, 0
149, 2.0063778056106214, 0.17047577606338357, 3.35521855936363, 0
150, 2.0063778056106214, 0.17047577606338357, 3.35521855936363, 0
151, 2.0063778056106214, 0.17047577606338357, 3.35521855936363, 0
152, 2.0063778056106214, 0.17047577606338357, 3.35521855936363, 0
153, 2.0063778056106214, 0.17047577606338357, 3.35521855936363, 0
154, 2.0063778056106214, 0.17047577606338357, 3.35521855936363, 0
155, 2.0063778056106214, 0.17047577606338357, 3.35521855936363, 0
156, 2.0063778056106214, 0.17047577606338357, 3.35521855936363, 0
157, 2.0063778056106214, 0.17047577606338357, 3.35521855936363, 0
158, 2.0063778056106214, 0.17047577606338357, 3.35521855936363, 0
159, 2.0063778056106214, 0.17047577606338357, 3.35521855936363, 0
160, 2.0063778056106214, 0.17047577606338357, 3.35521855936363, 0
161, 2.0063778056106214, 0.17047577606338357, 3.35521855936363, 0
162, 2.0063778056106214, 0.17047577606338357, 3.35521855936363, 0
163, 2.0063778056106214, 0.17047577606338357, 3.35521855936363, 0
164, 2.0063778056106214, 0.17047577606338357, 3.35521855936363, 0
165, 2.0063778056106214, 0.17047577606338357, 3.35521855936363, 0
166, 2.0063778056106214, 0.17047577606338357, 3.35521855936363, 0
167, 2.0063778056106214, 0.17047577606338357, 3.35521855936363, 0
168, 2.0063778056106214, 0.17047577606338357, 3.35521855936363, 0
169, 2.0063778056106214, 0.17047577606338357, 3.35521855936363, 0
170, 2.0063778056106214, 0.17047577606338357, 3.35521855936363, 0
171, 2.0063778056106214, 0.17047577606338357, 3.35521855936363, 0
172, 2.0063778056106214, 0.17047577606338357, 3.35521855936363, 0
173, 2.0063778056106214, 0.17047577606338357, 3.35521855936363, 0
174, 2.0063778056106214, 0.17047577606338357, 3.35521855936363, 0
175, 2.0063778056106214, 0.17047577606338357, 3.35521855936363, 0
176, 2.0063778056106214, 0.17047577606338357, 3.35521855936363, 0
177, 2.0063778056106214, 0.17047577606338357, 3.35521855936363, 0
178, 2.0063778056106214, 0.17047577606338357, 3.35521855936363, 0
179, 2.0063778056106214, 0.17047577606338357, 3.35521855936363, 0
180, 2.0063778056106214, 0.17047577606338357, 3.35521855936363, 0
181, 2.0063778056106214, 0.17047577606338357, 3.35521855936363, 0
182, 2.0063778056106214, 0.17047577606338357, 3.35521855936363, 0
183, 2.0063778056106214, 0.17047577606338357, 3.35521855936363, 0
184, 2.0063778056106214, 0.17047577606338357, 3.35521855936363, 0
185, 2.0063778056106214, 0.17047577606338357, 3.35521855936363, 0
186, 2.0063778056106214, 0.17047577606338357, 3.35521855936363, 0
187, 2.0063778056106214, 0.17047577606338357, 3.35521855936363, 0
188, 2.0063778056106214, 0.17047577606338357, 3.35521855936363, 0
189, 2.0063778056106214, 0.17047577606338357, 3.35521855936363, 0
190, 2.0063778056106214, 0.17047577606338357, 3.35521855936363, 0
191, 2.0063778056106214, 0.17047577606338357, 3.35521855936363, 0
192, 2.0063778056106214, 0.17047577606338357, 3.35521855936363, 0
193, 2.0063778056106214, 0.17047577606338357, 3.35521855936363, 0
194, 2.0063778056106214, 0.17047577606338357, 3.35521855936363, 0
195, 2.0063778056106214, 0.17047577606338357, 3.35521855936363, 0
196, 2.0063778056106214, 0.17047577606338357, 3.35521855936363, 0
197, 2.0063778056106214, 0.17047577606338357, 3.35521855936363, 0
198, 2.0063778056106214, 0.17047577606338357, 3.35521855936363, 0
199, 2.0063778056106214, 0.17047577606338357, 3.35521855936363, 0
200, 2.0063778056106214, 0.17047577606338357, 3.35521855936363, 0
201, 2.0063778056106214, 0.17047577606338357, 3.35521855936363, 0
202, 2.0063778056106214, 0.17047577606338357, 3.35521855936363, 0
203, 2.0063778056106214, 0.17047577606338357, 3.35521855936363, 0
204, 2.0063778056106214, 0.17047577606338357, 3.35521855936363, 0
205, 2.0063778056106214, 0.17047577606338357, 3.35521855936363, 0
206, 2.0063778056106214, 0.17047577606338357, 3.35521855936363, 0
207, 2.0063778056106214, 0.17047577606338357, 3.35521855936363, 0
208, 2.0063778056106214, 0.17047577606338357, 3.35521855936363, 0
209, 2.0063778056106214, 0.17047577606338357, 3.35521855936363, 0
210, 2.0063778056106214, 0.17047577606338357, 3.35521855936363, 0
211, 2.0063778056106214, 0.17047577606338357, 3.35521855936363, 0
212, 2.0063778056106214, 0.17047577606338357, 3.35521855936363, 0
213, 2.0063778056106214, 0.17047577606338357, 3.35521855936363, 0
214, 2.0063778056106214, 0.17047577606338357, 3.35521855936363, 0
215, 2.0063778056106214, 0.17047577606338357, 3.35521855936363, 0
216, 2.0063778056106214, 0.17047577606338357, 3.35521855936363, 0
217, 2.0063778056106214, 0.17047577606338357, 3.35521855936363, 0
218, 2.0063778056106214, 0.17047577606338357, 3.35521855936363, 0
219, 2.0063778056106214, 0.17047577606338357, 3.35521855936363, 0
220, 2.0063778056106214, 0.17047577606338357, 3.35521855936363, 0
221, 2.0063778056106214, 0.17047577606338357, 3.35521855936363, 0
222, 2.0063778056106214, 0.17047577606338357, 3.35521855936363, 0
223, 2.0063778056106214, 0.17047577606338357, 3.35521855936363, 0
224, 2.0063778056106214, 0.17047577606338357, 3.35521855936363, 0
225, 2.0063778056106214, 0.17047577606338357, 3.35521855936363, 0
226, 2.0063778056106214, 0.17047577606338357, 3.35521855936363, 0
227, 2.0063778056106214, 0.17047577606338357, 3.35521855936363, 0
228, 2.0063778056106214, 0.17047577606338357, 3.35521855936363, 0
229, 2.0063778056106214, 0.17047577606338357, 3.35521855936363, 0
230, 2.0063778056106214, 0.17047577606338357, 3.35521855936363, 0
231, 2.0063778056106214, 0.17047577606338357, 3.35521855936363, 0
232, 2.0063778056106214, 0.17047577606338357, 3.35521855936363, 0
233, 2.0063778056106214, 0.17047577606338357, 3.35521855936363, 0
234, 2.0063778056106214, 0.17047577606338357, 3.35521855936363, 0
235, 2.0063778056106214, 0.17047577606338357, 3.35521855936363, 0
236, 2.0063778056106214, 0.17047577606338357, 3.35521855936363, 0
237, 2.0063778056106214, 0.17047577606338357, 3.35521855936363, 0
238, 2.0063778056106214, 0.17047577606338357, 3.35521855936363, 0
239, 2.0063778056106214, 0.17047577606338357, 3.35521855936363, 0
240, 2.0063778056106214, 0.17047577606338357, 3.35521855936363, 0
241, 2.0063778056106214, 0.17047577606338357, 3.35521855936363, 0
242, 2.0063778056106214, 0.17047577606338357, 3.35521855936363, 0
243, 2.0063778056106214, 0.17047577606338357, 3.35521855936363, 0
244, 2.0063778056106214, 0.17047577606338357, 3.35521855936363, 0
245, 2.0063778056106214, 0.17047577606338357, 3.35521855936363, 0
246, 2.0063778056106214, 0.17047577606338357, 3.35521855936363, 0
247, 2.0063778056106214, 0.17047577606338357, 3.35521855936363, 0
248, 2.0063778056106214, 0.17047577606338357, 3.35521855936363, 0
249, 2.0063778056106214, 0.17047577606338357, 3.35521855936363, 0
250, 2.0063778056106214, 0.17047577606338357, 3.35521855936363, 0
251, 2.0063778056106214, 0.17047577606338357, 3.35521855936363, 0
252, 2.0063778056106214, 0.17047577606338357, 3.35521855936363, 0
253, 2.0063778056106214, 0.17047577606338357, 3.35521855936363, 0
254, 2.0063778056106214, 0.17047577606338357, 3.35521855936363, 0
255, 2.0063778056106214, 0.17047577606338357, 3.35521855936363, 0
256, 2.0063778056106214, 0.17047577606338357, 3.35521855936363, 0
257, 2.0063778056106214, 0.17047577606338357, 3.35521855936363, 0
258, 2.0063778056106214, 0.17047577606338357, 3.35521855936363, 0
259, 2.0063778056106214, 0.17047577606338357, 3.35521855936363, 0
260, 2.0063778056106214, 0.17047577606338357, 3.35521855936363, 0
261, 2.0063778056106214, 0.17047577606338357, 3.35521855936363, 0
262, 2.0063778056106214, 0.17047577606338357, 3.35521855936363, 0
263, 2.0063778056106214, 0.17047577606338357, 3.35521855936363, 0
264, 2.0063778056106214, 0.17047577606338357, 3.35521855936363, 0
265, 2.0063778056106214, 0.17047577606338357, 3.35521855936363, 0
266, 2.0063778056106214, 0.17047577606338357, 3.35521855936363, 0
267, 2.0063778056106214, 0.17047577606338357, 3.35521855936363, 0
268, 2.0063778056106214, 0.17047577606338357, 3.35521855936363, 0
269, 2.0063778056106214, 0.17047577606338357, 3.35521855936363, 0
270, 2.0063778056106214, 0.17047577606338357, 3.35521855936363, 0
271, 2.0063778056106214, 0.17047577606338357, 3.35521855936363, 0
272, 2.0063778056106214, 0.17047577606338357, 3.35521855936363, 0
273, 2.0063778056106214, 0.17047577606338357, 3.35521855936363, 0
274, 2.0063778056106214, 0.17047577606338357, 3.35521855936363, 0
275, 2.0063778056106214, 0.17047577606338357, 3.35521855936363, 0
276, 2.0063778056106214, 0.17047577606338357, 3.35521855936363, 0
277, 2.0063778056106214, 0.17047577606338357, 3.35521855936363, 0
278, 2.0063778056106214, 0.17047577606338357, 3.35521855936363, 0
279, 2.0063778056106214, 0.17047577606338357, 3.35521855936363, 0
280, 2.0063778056106214, 0.17047577606338357, 3.35521855936363, 0
281, 2.0063778056106214, 0.17047577606338357, 3.35521855936363, 0
282, 2.0063778056106214, 0.17047577606338357, 3.35521855936363, 0
283, 2.0063778056106214, 0.17047577606338357, 3.35521855936363, 0
284, 2.0063778056106214, 0.17047577606338357, 3.35521855936363, 0
285, 2.0063778056106214, 0.17047577606338357, 3.35521855936363, 0
286, 2.0063778056106214, 0.17047577606338357, 3.35521855936363, 0
287, 2.0063778056106214, 0.17047577606338357, 3.35521855936363, 0
288, 2.0063778056106214, 0.17047577606338357, 3.35521855936363, 0
289, 2.0063778056106214, 0.17047577606338357, 3.35521855936363, 0
290, 2.0063778056106214, 0.17047577606338357, 3.35521855936363, 0
291, 2.0063778056106214, 0.17047577606338357, 3.35521855936363, 0
292, 2.0063778056106214, 0.17047577606338357, 3.35521855936363, 0
293, 2.0063778056106214, 0.17047577606338357, 3.35521855936363, 0
294, 2.0063778056106214, 0.17047577606338357, 3.35521855936363, 0
295, 2.0063778056106214, 0.17047577606338357, 3.35521855936363, 0
296, 2.0063778056106214, 0.17047577606338357, 3.35521855936363, 0
297, 2.0063778056106214, 0.17047577606338357, 3.35521855936363, 0
298, 2.0063778056106214, 0.17047577606338357, 3.35521855936363, 0
299, 2.0063778056106214, 0.17047577606338357, 3.35521855936363, 0
300, 2.0063778056106214, 0.17047577606338357, 3.35521855936363, 0
301, 2.0063778056106214, 0.17047577606338357, 3.35521855936363, 0
302, 2.0063778056106214, 0.17047577606338357, 3.35521855936363, 0
303, 2.0063778056106214, 0.17047577606338357, 3.35521855936363, 0
304, 2.0063778056106214, 0.17047577606338357, 3.35521855936363, 0
305, 2.0063778056106214, 0.17047577606338357, 3.35521855936363, 0
306, 2.0063778056106214, 0.17047577606338357, 3.35521855936363, 0
307, 2.0063778056106214, 0.17047577606338357, 3.35521855936363, 0
308, 2.0063778056106214, 0.17047577606338357, 3.35521855936363, 0
309, 2.0063778056106214, 0.17047577606338357, 3.35521855936363, 0
310, 2.0063778056106214, 0.17047577606338357, 3.35521855936363, 0
311, 2.0063778056106214, 0.17047577606338357, 3.35521855936363, 0
312, 2.0063778056106214, 0.17047577606338357, 3.35521855936363, 0
313, 2.0063778056106214, 0.17047577606338357, 3.35521855936363, 0
314, 2.0063778056106214, 0.17047577606338357, 3.35521855936363, 0
315, 2.0063778056106214, 0.17047577606338357, 3.35521855936363, 0
316, 2.0063778056106214, 0.17047577606338357, 3.35521855936363, 0
317, 2.0063778056106214, 0.17047577606338357, 3.35521855936363, 0
318, 2.0063778056106214, 0.17047577606338357, 3.35521855936363, 0
319, 2.0063778056106214, 0.17047577606338357, 3.35521855936363, 0
320, 2.0063778056106214, 0.17047577606338357, 3.35521855936363, 0
321, 2.0063778056106214, 0.17047577606338357, 3.35521855936363, 0
322, 2.0063778056106214, 0.17047577606338357, 3.35521855936363, 0
323, 2.0063778056106214, 0.17047577606338357, 3.35521855936363, 0
324, 2.0063778056106214, 0.17047577606338357, 3.35521855936363, 0
325, 2.0063778056106214, 0.17047577606338357, 3.35521855936363, 0
326, 2.0063778056106214, 0.17047577606338357, 3.35521855936363, 0
327, 2.0063778056106214, 0.17047577606338357, 3.35521855936363, 0
328, 2.0063778056106214, 0.17047577606338357, 3.35521855936363, 0
329, 2.0063778056106214, 0.17047577606338357, 3.35521855936363, 0
330, 2.0063778056106214, 0.17047577606338357, 3.35521855936363, 0
331, 2.0063778056106214, 0.17047577606338357, 3.35521855936363, 0
332, 2.0063778056106214, 0.17047577606338357, 3.35521855936363, 0
333, 2.0063778056106214, 0.17047577606338357, 3.35521855936363, 0
334, 2.0063778056106214, 0.17047577606338357, 3.35521855936363, 0
335, 2.0063778056106214, 0.17047577606338357, 3.35521855936363, 0
336, 2.0063778056106214, 0.17047577606338357, 3.35521855936363, 0
337, 2.0063778056106214, 0.17047577606338357, 3.35521855936363, 0
338, 2.0063778056106214, 0.17047577606338357, 3.35521855936363, 0
339, 2.0063778056106214, 0.17047577606338357, 3.35521855936363, 0
340, 2.0063778056106214, 0.17047577606338357, 3.35521855936363, 0
341, 2.0063778056106214, 0.17047577606338357, 3.35521855936363, 0
342, 2.0063778056106214, 0.17047577606338357, 3.35521855936363, 0
343, 2.0063778056106214, 0.17047577606338357, 3.35521855936363, 0
344, 2.0063778056106214, 0.17047577606338357, 3.35521855936363, 0
345, 2.0063778056106214, 0.17047577606338357, 3.35521855936363, 0
346, 2.0063778056106214, 0.17047577606338357, 3.35521855936363, 0
347, 2.0063778056106214, 0.17047577606338357, 3.35521855936363, 0
348, 2.0063778056106214, 0.17047577606338357, 3.35521855936363, 0
349, 2.0063778056106214, 0.17047577606338357, 3.35521855936363, 0
350, 2.0063778056106214, 0.17047577606338357, 3.35521855936363, 0
351, 2.0063778056106214, 0.17047577606338357, 3.35521855936363, 0
352, 2.0063778056106214, 0.17047577606338357, 3.35521855936363, 0
353, 2.0063778056106214, 0.17047577606338357, 3.35521855936363, 0
354, 2.0063778056106214, 0.17047577606338357, 3.35521855936363, 0
355, 2.0063778056106214, 0.17047577606338357, 3.35521855936363, 0
356, 2.0063778056106214, 0.17047577606338357, 3.35521855936363, 0
357, 2.0063778056106214, 0.17047577606338357, 3.35521855936363, 0
358, 2.0063778056106214, 0.17047577606338357, 3.35521855936363, 0
359, 2.0063778056106214, 0.17047577606338357, 3.35521855936363, 0
360, 2.0063778056106214, 0.17047577606338357, 3.35521855936363, 0
361, 2.0063778056106214, 0.17047577606338357, 3.35521855936363, 0
362, 2.0063778056106214, 0.17047577606338357, 3.35521855936363, 0
363, 2.0063778056106214, 0.17047577606338357, 3.35521855936363, 0
364, 2.0063778056106214, 0.17047577606338357, 3.35521855936363, 0
365, 2.0063778056106214, 0.17047577606338357, 3.35521855936363, 0
366, 2.0063778056106214, 0.17047577606338357, 3.35521855936363, 0
367, 2.0063778056106214, 0.17047577606338357, 3.35521855936363, 0
368, 2.0063778056106214, 0.17047577606338357, 3.35521855936363, 0
369, 2.0063778056106214, 0.17047577606338357, 3.35521855936363, 0
370, 2.0063778056106214, 0.17047577606338357, 3.35521855936363, 0
371, 2.0063778056106214, 0.17047577606338357, 3.35521855936363, 0
372, 2.0063778056106214, 0.17047577606338357, 3.35521855936363, 0
373, 2.0063778056106214, 0.17047577606338357, 3.35521855936363, 0
374, 2.0063778056106214, 0.17047577606338357, 3.35521855936363, 0
375, 2.0063778056106214, 0.17047577606338357, 3.35521855936363, 0
376, 2.0063778056106214, 0.17047577606338357, 3.35521855936363, 0
377, 2.0063778056106214, 0.17047577606338357, 3.35521855936363, 0
378, 2.0063778056106214, 0.17047577606338357, 3.35521855936363, 0
379, 2.0063778056106214, 0.17047577606338357, 3.35521855936363, 0
380, 2.0063778056106214, 0.17047577606338357, 3.35521855936363, 0
381, 2.0063778056106214, 0.17047577606338357, 3.35521855936363, 0
382, 2.0063778056106214, 0.17047577606338357, 3.35521855936363, 0
383, 2.0063778056106214, 0.17047577606338357, 3.35521855936363, 0
384, 2.0063778056106214, 0.17047577606338357, 3.35521855936363, 0
385, 2.0063778056106214, 0.17047577606338357, 3.35521855936363, 0
386, 2.0063778056106214, 0.17047577606338357, 3.35521855936363, 0
387, 2.0063778056106214, 0.17047577606338357, 3.35521855936363, 0
388, 2.0063778056106214, 0.17047577606338357, 3.35521855936363, 0
389, 2.0063778056106214, 0.17047577606338357, 3.35521855936363, 0
390, 2.0063778056106214, 0.17047577606338357, 3.35521855936363, 0
391, 2.0063778056106214, 0.17047577606338357, 3.35521855936363, 0
392, 2.0063778056106214, 0.17047577606338357, 3.35521855936363, 0
393, 2.0063778056106214, 0.17047577606338357, 3.35521855936363, 0
394, 2.0063778056106214, 0.17047577606338357, 3.35521855936363, 0
395, 2.0063778056106214, 0.17047577606338357, 3.35521855936363, 0
396, 2.0063778056106214, 0.17047577606338357, 3.35521855936363, 0
397, 2.0063778056106214, 0.17047577606338357, 3.35521855936363, 0
398, 2.0063778056106214, 0.17047577606338357, 3.35521855936363, 0
399, 2.0063778056106214, 0.17047577606338357, 3.35521855936363, 0
400, 2.0063778056106214, 0.17047577606338357, 3.35521855936363, 0
401, 2.0063778056106214, 0.17047577606338357, 3.35521855936363, 0
402, 2.0063778056106214, 0.17047577606338357, 3.35521855936363, 0
403, 2.0063778056106214, 0.17047577606338357, 3.35521855936363, 0
404, 2.0063778056106214, 0.17047577606338357, 3.35521855936363, 0
405, 2.0063778056106214, 0.17047577606338357, 3.35521855936363, 0
406, 2.0063778056106214, 0.17047577606338357, 3.35521855936363, 0
407, 2.0063778056106214, 0.17047577606338357, 3.35521855936363, 0
408, 2.0063778056106214, 0.17047577606338357, 3.35521855936363, 0
409, 2.0063778056106214, 0.17047577606338357, 3.35521855936363, 0
410, 2.0063778056106214, 0.17047577606338357, 3.35521855936363, 0
411, 2.0063778056106214, 0.17047577606338357, 3.35521855936363, 0
412, 2.0063778056106214, 0.17047577606338357, 3.35521855936363, 0
413, 2.0063778056106214, 0.17047577606338357, 3.35521855936363, 0
414, 2.0063778056106214, 0.17047577606338357, 3.35521855936363, 0
415, 2.0063778056106214, 0.17047577606338357, 3.35521855936363, 0
416, 2.0063778056106214, 0.17047577606338357, 3.35521855936363, 0
417, 2.0063778056106214, 0.17047577606338357, 3.35521855936363, 0
418, 2.0063778056106214, 0.17047577606338357, 3.35521855936363, 0
419, 2.0063778056106214, 0.17047577606338357, 3.35521855936363, 0
420, 2.0063778056106214, 0.17047577606338357, 3.35521855936363, 0
421, 2.0063778056106214, 0.17047577606338357, 3.35521855936363, 0
422, 2.0063778056106214, 0.17047577606338357, 3.35521855936363, 0
423, 2.0063778056106214, 0.17047577606338357, 3.35521855936363, 0
424, 2.0063778056106214, 0.17047577606338357, 3.35521855936363, 0
425, 2.0063778056106214, 0.17047577606338357, 3.35521855936363, 0
426, 2.0063778056106214, 0.17047577606338357, 3.35521855936363, 0
427, 2.0063778056106214, 0.17047577606338357, 3.35521855936363, 0
428, 2.0063778056106214, 0.17047577606338357, 3.35521855936363, 0
429, 2.0063778056106214, 0.17047577606338357, 3.35521855936363, 0
430, 2.0063778056106214, 0.17047577606338357, 3.35521855936363, 0
431, 2.0063778056106214, 0.17047577606338357, 3.35521855936363, 0
432, 2.0063778056106214, 0.17047577606338357, 3.35521855936363, 0
433, 2.0063778056106214, 0.17047577606338357, 3.35521855936363, 0
434, 2.0063778056106214, 0.17047577606338357, 3.35521855936363, 0
435, 2.0063778056106214, 0.17047577606338357, 3.35521855936363, 0
436, 2.0063778056106214, 0.17047577606338357, 3.35521855936363, 0
437, 2.0063778056106214, 0.17047577606338357, 3.35521855936363, 0
438, 2.0063778056106214, 0.17047577606338357, 3.35521855936363, 0
439, 2.0063778056106214, 0.17047577606338357, 3.35521855936363, 0
440, 2.0063778056106214, 0.17047577606338357, 3.35521855936363, 0
441, 2.0063778056106214, 0.17047577606338357, 3.35521855936363, 0
442, 2.0063778056106214, 0.17047577606338357, 3.35521855936363, 0
443, 2.0063778056106214, 0.17047577606338357, 3.35521855936363, 0
444, 2.0063778056106214, 0.17047577606338357, 3.35521855936363, 0
445, 2.0063778056106214, 0.17047577606338357, 3.35521855936363, 0
446, 2.0063778056106214, 0.17047577606338357, 3.35521855936363, 0
447, 2.0063778056106214, 0.17047577606338357, 3.35521855936363, 0
448, 2.0063778056106214, 0.17047577606338357, 3.35521855936363, 0
449, 2.0063778056106214, 0.17047577606338357, 3.35521855936363, 0
450, 2.0063778056106214, 0.17047577606338357, 3.35521855936363, 0
451, 2.0063778056106214, 0.17047577606338357, 3.35521855936363, 0
452, 2.0063778056106214, 0.17047577606338357, 3.35521855936363, 0
453, 2.0063778056106214, 0.17047577606338357, 3.35521855936363, 0
454, 2.0063778056106214, 0.17047577606338357, 3.35521855936363, 0
455, 2.0063778056106214, 0.17047577606338357, 3.35521855936363, 0
456, 2.0063778056106214, 0.17047577606338357, 3.35521855936363, 0
457, 2.0063778056106214, 0.17047577606338357, 3.35521855936363, 0
458, 2.0063778056106214, 0.17047577606338357, 3.35521855936363, 0
459, 2.0063778056106214, 0.17047577606338357, 3.35521855936363, 0
460, 2.0063778056106214, 0.17047577606338357, 3.35521855936363, 0
461, 2.0063778056106214, 0.17047577606338357, 3.35521855936363, 0
462, 2.0063778056106214, 0.17047577606338357, 3.35521855936363, 0
463, 2.0063778056106214, 0.17047577606338357, 3.35521855936363, 0
464, 2.0063778056106214, 0.17047577606338357, 3.35521855936363, 0
465, 2.0063778056106214, 0.17047577606338357, 3.35521855936363, 0
466, 2.0063778056106214, 0.17047577606338357, 3.35521855936363, 0
467, 2.0063778056106214, 0.17047577606338357, 3.35521855936363, 0
468, 2.0063778056106214, 0.17047577606338357, 3.35521855936363, 0
469, 2.0063778056106214, 0.17047577606338357, 3.35521855936363, 0
470, 2.0063778056106214, 0.17047577606338357, 3.35521855936363, 0
471, 2.0063778056106214, 0.17047577606338357, 3.35521855936363, 0
472, 2.0063778056106214, 0.17047577606338357, 3.35521855936363, 0
473, 2.0063778056106214, 0.17047577606338357, 3.35521855936363, 0
474, 2.0063778056106214, 0.17047577606338357, 3.35521855936363, 0
475, 2.0063778056106214, 0.17047577606338357, 3.35521855936363, 0
476, 2.0063778056106214, 0.17047577606338357, 3.35521855936363, 0
477, 2.0063778056106214, 0.17047577606338357, 3.35521855936363, 0
478, 2.0063778056106214, 0.17047577606338357, 3.35521855936363, 0
479, 2.0063778056106214, 0.17047577606338357, 3.35521855936363, 0
480, 2.0063778056106214, 0.17047577606338357, 3.35521855936363, 0
481, 2.0063778056106214, 0.17047577606338357, 3.35521855936363, 0
482, 2.0063778056106214, 0.17047577606338357, 3.35521855936363, 0
483, 2.0063778056106214, 0.17047577606338357, 3.35521855936363, 0
484, 2.0063778056106214, 0.17047577606338357, 3.35521855936363, 0
485, 2.0063778056106214, 0.17047577606338357, 3.35521855936363, 0
486, 2.0063778056106214, 0.17047577606338357, 3.35521855936363, 0
487, 2.0063778056106214, 0.17047577606338357, 3.35521855936363, 0
488, 2.0063778056106214, 0.17047577606338357, 3.35521855936363, 0
489, 2.0063778056106214, 0.17047577606338357, 3.35521855936363, 0
490, 2.0063778056106214, 0.17047577606338357, 3.35521855936363, 0
491, 2.0063778056106214, 0.17047577606338357, 3.35521855936363, 0
492, 2.0063778056106214, 0.17047577606338357, 3.35521855936363, 0
493, 2.0063778056106214, 0.17047577606338357, 3.35521855936363, 0
494, 2.0063778056106214, 0.17047577606338357, 3.35521855936363, 0
495, 2.0063778056106214, 0.17047577606338357, 3.35521855936363, 0
496, 2.0063778056106214, 0.17047577606338357, 3.35521855936363, 0
497, 2.0063778056106214, 0.17047577606338357, 3.35521855936363, 0
498, 2.0063778056106214, 0.17047577606338357, 3.35521855936363, 0
499, 2.0063778056106214, 0.17047577606338357, 3.35521855936363, 0
500, 2.0063778056106214, 0.17047577606338357, 3.35521855936363, 0
501, 2.0063778056106214, 0.17047577606338357, 3.35521855936363, 0
