evals, mean, best, worst, success num
1, 1.4246447945010692, 0.23824315682362987, 2.6387704302232065, 0
2, 1.4246447945010692, 0.23824315682362987, 2.6387704302232065, 0
3, 1.4246447945010692, 0.23824315682362987, 2.6387704302232065, 0
4, 1.4246447945010692, 0.23824315682362987, 2.6387704302232065, 0
5, 1.4246447945010692, 0.23824315682362987, 2.6387704302232065, 0
6, 1.4246447945010692, 0.23824315682362987, 2.6387704302232065, 0
7, 1.4246447945010692, 0.23824315682362987, 2.6387704302232065, 0
8, 0.22143051033622377, 0.1890681797050849, 0.2530737361530309, 0
9, 0.22143051033622377, 0.1890681797050849, 0.2530737361530309, 0
10, 0.22143051033622377, 0.1890681797050849, 0.2530737361530309, 0
11, 0.22143051033622377, 0.1890681797050849, 0.2530737361530309, 0
12, 0.22143051033622377, 0.1890681797050849, 0.2530737361530309, 0
13, 0.22143051033622377, 0.1890681797050849, 0.2530737361530309, 0
14, 0.22143051033622377, 0.1890681797050849, 0.2530737361530309, 0
15, 0.22143051033622377, 0.1890681797050849, 0.2530737361530309, 0
16, 0.22143051033622377, 0.1890681797050849, 0.2530737361530309, 0
17, 0.22143051033622377, 0.1890681797050849, 0.2530737361530309, 0
18, 0.22143051033622377, 0.1890681797050849, 0.2530737361530309, 0
19, 0.22143051033622377, 0.1890681797050849, 0.2530737361530309, 0
20, 0.22143051033622377, 0.1890681797050849, 0.2530737361530309, 0
21, 0.14909368735030762, 0.09880847491631092, 0.23208827384553554, 0
22, 0.14909368735030762, 0.09880847491631092, 0.23208827384553554, 0
23, 0.14909368735030762, 0.09880847491631092, 0.23208827384553554, 0
24, 0.14909368735030762, 0.09880847491631092, 0.23208827384553554, 0
25, 0.14909368735030762, 0.09880847491631092, 0.23208827384553554, 0
26, 0.14909368735030762, 0.09880847491631092, 0.23208827384553554, 0
27, 0.14909368735030762, 0.09880847491631092, 0.23208827384553554, 0
28, 0.14909368735030762, 0.09880847491631092, 0.23208827384553554, 0
29, 0.14909368735030762, 0.09880847491631092, 0.23208827384553554, 0
30, 0.14909368735030762, 0.09880847491631092, 0.23208827384553554, 0
31, 0.14909368735030762, 0.09880847491631092, 0.23208827384553554, 0
32, 0.14909368735030762, 0.09880847491631092, 0.23208827384553554, 0
33, 0.14909368735030762, 0.09880847491631092, 0.23208827384553554, 0
34, 0.14909368735030762, 0.09880847491631092, 0.23208827384553554, 0
35, 0.14909368735030762, 0.09880847491631092, 0.23208827384553554, 0
36, 0.14909368735030762, 0.09880847491631092, 0.23208827384553554, 0
37, 0.14909368735030762, 0.09880847491631092, 0.23208827384553554, 0
38, 0.14909368735030762, 0.09880847491631092, 0.23208827384553554, 0
39, 0.14909368735030762, 0.09880847491631092, 0.23208827384553554, 0
40, 0.14909368735030762, 0.09880847491631092, 0.23208827384553554, 0
41, 0.14909368735030762, 0.09880847491631092, 0.23208827384553554, 0
42, 0.14909368735030762, 0.09880847491631092, 0.23208827384553554, 0
43, 0.14909368735030762, 0.09880847491631092, 0.23208827384553554, 0
44, 0.14909368735030762, 0.09880847491631092, 0.23208827384553554, 0
45, 0.14909368735030762, 0.09880847491631092, 0.23208827384553554, 0
46, 0.14909368735030762, 0.09880847491631092, 0.23208827384553554, 0
47, 0.14909368735030762, 0.09880847491631092, 0.23208827384553554, 0
48, 0.14909368735030762, 0.09880847491631092, 0.23208827384553554, 0
49, 0.14909368735030762, 0.09880847491631092, 0.23208827384553554, 0
50, 0.14909368735030762, 0.09880847491631092, 0.23208827384553554, 0
51, 0.14909368735030762, 0.09880847491631092, 0.23208827384553554, 0
52, 0.14909368735030762, 0.09880847491631092, 0.23208827384553554, 0
53, 0.14909368735030762, 0.09880847491631092, 0.23208827384553554, 0
54, 0.14909368735030762, 0.09880847491631092, 0.23208827384553554, 0
55, 0.14909368735030762, 0.09880847491631092, 0.23208827384553554, 0
56, 0.14909368735030762, 0.09880847491631092, 0.23208827384553554, 0
57, 0.14909368735030762, 0.09880847491631092, 0.23208827384553554, 0
58, 0.14909368735030762, 0.09880847491631092, 0.23208827384553554, 0
59, 0.14909368735030762, 0.09880847491631092, 0.23208827384553554, 0
60, 0.14909368735030762, 0.09880847491631092, 0.23208827384553554, 0
61, 0.14909368735030762, 0.09880847491631092, 0.23208827384553554, 0
62, 0.14909368735030762, 0.09880847491631092, 0.23208827384553554, 0
63, 0.14909368735030762, 0.09880847491631092, 0.23208827384553554, 0
64, 0.14909368735030762, 0.09880847491631092, 0.23208827384553554, 0
65, 0.14909368735030762, 0.09880847491631092, 0.23208827384553554, 0
66, 0.14909368735030762, 0.09880847491631092, 0.23208827384553554, 0
67, 0.14909368735030762, 0.09880847491631092, 0.23208827384553554, 0
68, 0.14909368735030762, 0.09880847491631092, 0.23208827384553554, 0
69, 0.14909368735030762, 0.09880847491631092, 0.23208827384553554, 0
70, 0.14909368735030762, 0.09880847491631092, 0.23208827384553554, 0
71, 0.14909368735030762, 0.09880847491631092, 0.23208827384553554, 0
72, 0.14909368735030762, 0.09880847491631092, 0.23208827384553554, 0
73, 0.14909368735030762, 0.09880847491631092, 0.23208827384553554, 0
74, 0.14909368735030762, 0.09880847491631092, 0.23208827384553554, 0
75, 0.14909368735030762, 0.09880847491631092, 0.23208827384553554, 0
76, 0.14909368735030762, 0.09880847491631092, 0.23208827384553554, 0
77, 0.14909368735030762, 0.09880847491631092, 0.23208827384553554, 0
78, 0.14909368735030762, 0.09880847491631092, 0.23208827384553554, 0
79, 0.14909368735030762, 0.09880847491631092, 0.23208827384553554, 0
80, 0.14909368735030762, 0.09880847491631092, 0.23208827384553554, 0
81, 0.14909368735030762, 0.09880847491631092, 0.23208827384553554, 0
82, 0.14909368735030762, 0.09880847491631092, 0.23208827384553554, 0
83, 0.14909368735030762, 0.09880847491631092, 0.23208827384553554, 0
84, 0.14909368735030762, 0.09880847491631092, 0.23208827384553554, 0
85, 0.14909368735030762, 0.09880847491631092, 0.23208827384553554, 0
86, 0.14909368735030762, 0.09880847491631092, 0.23208827384553554, 0
87, 0.06942159365474132, 0.02191865201178213, 0.12088600363067853, 2
88, 0.06942159365474132, 0.02191865201178213, 0.12088600363067853, 2
89, 0.06942159365474132, 0.02191865201178213, 0.12088600363067853, 2
90, 0.06942159365474132, 0.02191865201178213, 0.12088600363067853, 2
91, 0.06942159365474132, 0.02191865201178213, 0.12088600363067853, 2
92, 0.06942159365474132, 0.02191865201178213, 0.12088600363067853, 2
93, 0.06942159365474132, 0.02191865201178213, 0.12088600363067853, 2
94, 0.06942159365474132, 0.02191865201178213, 0.12088600363067853, 2
95, 0.06942159365474132, 0.02191865201178213, 0.12088600363067853, 2
96, 0.06942159365474132, 0.02191865201178213, 0.12088600363067853, 2
97, 0.06942159365474132, 0.02191865201178213, 0.12088600363067853, 2
98, 0.06942159365474132, 0.02191865201178213, 0.12088600363067853, 2
99, 0.06942159365474132, 0.02191865201178213, 0.12088600363067853, 2
100, 0.06823750606488671, 0.022864641506745075, 0.1506508283321015, 3
101, 0.06823750606488671, 0.022864641506745075, 0.1506508283321015, 3
102, 0.06823750606488671, 0.022864641506745075, 0.1506508283321015, 3
103, 0.06823750606488671, 0.022864641506745075, 0.1506508283321015, 3
104, 0.06823750606488671, 0.022864641506745075, 0.1506508283321015, 3
105, 0.06823750606488671, 0.022864641506745075, 0.1506508283321015, 3
106, 0.06823750606488671, 0.022864641506745075, 0.1506508283321015, 3
107, 0.06823750606488671, 0.022864641506745075, 0.1506508283321015, 3
108, 0.06823750606488671, 0.022864641506745075, 0.1506508283321015, 3
109, 0.06823750606488671, 0.022864641506745075, 0.1506508283321015, 3
110, 0.06823750606488671, 0.022864641506745075, 0.1506508283321015, 3
111, 0.06823750606488671, 0.022864641506745075, 0.1506508283321015, 3
112, 0.06823750606488671, 0.022864641506745075, 0.1506508283321015, 3
113, 0.06823750606488671, 0.022864641506745075, 0.1506508283321015, 3
114, 0.06823750606488671, 0.022864641506745075, 0.1506508283321015, 3
115, 0.06823750606488671, 0.022864641506745075, 0.1506508283321015, 3
116, 0.06823750606488671, 0.022864641506745075, 0.1506508283321015, 3
117, 0.06823750606488671, 0.022864641506745075, 0.1506508283321015, 3
118, 0.06823750606488671, 0.022864641506745075, 0.1506508283321015, 3
119, 0.06823750606488671, 0.022864641506745075, 0.1506508283321015, 3
120, 0.06823750606488671, 0.022864641506745075, 0.1506508283321015, 3
121, 0.06823750606488671, 0.022864641506745075, 0.1506508283321015, 3
122, 0.06823750606488671, 0.022864641506745075, 0.1506508283321015, 3
123, 0.06823750606488671, 0.022864641506745075, 0.1506508283321015, 3
124, 0.06823750606488671, 0.022864641506745075, 0.1506508283321015, 3
125, 0.06823750606488671, 0.022864641506745075, 0.1506508283321015, 3
126, 0.06823750606488671, 0.022864641506745075, 0.1506508283321015, 3
127, 0.06823750606488671, 0.022864641506745075, 0.1506508283321015, 3
128, 0.06823750606488671, 0.022864641506745075, 0.1506508283321015, 3
129, 0.06823750606488671, 0.022864641506745075, 0.1506508283321015, 3
130, 0.06823750606488671, 0.022864641506745075, 0.1506508283321015, 3
131, 0.06823750606488671, 0.022864641506745075, 0.1506508283321015, 3
132, 0.06823750606488671, 0.022864641506745075, 0.1506508283321015, 3
133, 0.06823750606488671, 0.022864641506745075, 0.1506508283321015, 3
134, 0.06823750606488671, 0.022864641506745075, 0.1506508283321015, 3
135, 0.06823750606488671, 0.022864641506745075, 0.1506508283321015, 3
136, 0.06823750606488671, 0.022864641506745075, 0.1506508283321015, 3
137, 0.06823750606488671, 0.022864641506745075, 0.1506508283321015, 3
138, 0.06823750606488671, 0.022864641506745075, 0.1506508283321015, 3
139, 0.06823750606488671, 0.022864641506745075, 0.1506508283321015, 3
140, 0.06823750606488671, 0.022864641506745075, 0.1506508283321015, 3
141, 0.06823750606488671, 0.022864641506745075, 0.1506508283321015, 3
142, 0.06823750606488671, 0.022864641506745075, 0.1506508283321015, 3
143, 0.06823750606488671, 0.022864641506745075, 0.1506508283321015, 3
144, 0.06823750606488671, 0.022864641506745075, 0.1506508283321015, 3
145, 0.06823750606488671, 0.022864641506745075, 0.1506508283321015, 3
146, 0.06823750606488671, 0.022864641506745075, 0.1506508283321015, 3
147, 0.06823750606488671, 0.022864641506745075, 0.1506508283321015, 3
148, 0.06823750606488671, 0.022864641506745075, 0.1506508283321015, 3
149, 0.06823750606488671, 0.022864641506745075, 0.1506508283321015, 3
150, 0.06823750606488671, 0.022864641506745075, 0.1506508283321015, 3
151, 0.06823750606488671, 0.022864641506745075, 0.1506508283321015, 3
152, 0.06823750606488671, 0.022864641506745075, 0.1506508283321015, 3
153, 0.06823750606488671, 0.022864641506745075, 0.1506508283321015, 3
154, 0.06823750606488671, 0.022864641506745075, 0.1506508283321015, 3
155, 0.06823750606488671, 0.022864641506745075, 0.1506508283321015, 3
156, 0.06823750606488671, 0.022864641506745075, 0.1506508283321015, 3
157, 0.06823750606488671, 0.022864641506745075, 0.1506508283321015, 3
158, 0.06823750606488671, 0.022864641506745075, 0.1506508283321015, 3
159, 0.06823750606488671, 0.022864641506745075, 0.1506508283321015, 3
160, 0.06823750606488671, 0.022864641506745075, 0.1506508283321015, 3
161, 0.06823750606488671, 0.022864641506745075, 0.1506508283321015, 3
162, 0.06823750606488671, 0.022864641506745075, 0.1506508283321015, 3
163, 0.06823750606488671, 0.022864641506745075, 0.1506508283321015, 3
164, 0.06823750606488671, 0.022864641506745075, 0.1506508283321015, 3
165, 0.06823750606488671, 0.022864641506745075, 0.1506508283321015, 3
166, 0.06823750606488671, 0.022864641506745075, 0.1506508283321015, 3
167, 0.06823750606488671, 0.022864641506745075, 0.1506508283321015, 3
168, 0.06823750606488671, 0.022864641506745075, 0.1506508283321015, 3
169, 0.06823750606488671, 0.022864641506745075, 0.1506508283321015, 3
170, 0.06823750606488671, 0.022864641506745075, 0.1506508283321015, 3
171, 0.06823750606488671, 0.022864641506745075, 0.1506508283321015, 3
172, 0.06823750606488671, 0.022864641506745075, 0.1506508283321015, 3
173, 0.06823750606488671, 0.022864641506745075, 0.1506508283321015, 3
174, 0.06823750606488671, 0.022864641506745075, 0.1506508283321015, 3
175, 0.06823750606488671, 0.022864641506745075, 0.1506508283321015, 3
176, 0.06823750606488671, 0.022864641506745075, 0.1506508283321015, 3
177, 0.06823750606488671, 0.022864641506745075, 0.1506508283321015, 3
178, 0.06823750606488671, 0.022864641506745075, 0.1506508283321015, 3
179, 0.06823750606488671, 0.022864641506745075, 0.1506508283321015, 3
180, 0.06823750606488671, 0.022864641506745075, 0.1506508283321015, 3
181, 0.06823750606488671, 0.022864641506745075, 0.1506508283321015, 3
182, 0.06823750606488671, 0.022864641506745075, 0.1506508283321015, 3
183, 0.06823750606488671, 0.022864641506745075, 0.1506508283321015, 3
184, 0.06823750606488671, 0.022864641506745075, 0.1506508283321015, 3
185, 0.06823750606488671, 0.022864641506745075, 0.1506508283321015, 3
186, 0.06823750606488671, 0.022864641506745075, 0.1506508283321015, 3
187, 0.06823750606488671, 0.022864641506745075, 0.1506508283321015, 3
188, 0.06823750606488671, 0.022864641506745075, 0.1506508283321015, 3
189, 0.06823750606488671, 0.022864641506745075, 0.1506508283321015, 3
190, 0.06823750606488671, 0.022864641506745075, 0.1506508283321015, 3
191, 0.06823750606488671, 0.022864641506745075, 0.1506508283321015, 3
192, 0.06823750606488671, 0.022864641506745075, 0.1506508283321015, 3
193, 0.06823750606488671, 0.022864641506745075, 0.1506508283321015, 3
194, 0.06823750606488671, 0.022864641506745075, 0.1506508283321015, 3
195, 0.06823750606488671, 0.022864641506745075, 0.1506508283321015, 3
196, 0.06823750606488671, 0.022864641506745075, 0.1506508283321015, 3
197, 0.06823750606488671, 0.022864641506745075, 0.1506508283321015, 3
198, 0.06823750606488671, 0.022864641506745075, 0.1506508283321015, 3
199, 0.06823750606488671, 0.022864641506745075, 0.1506508283321015, 3
200, 0.06823750606488671, 0.022864641506745075, 0.1506508283321015, 3
201, 0.06823750606488671, 0.022864641506745075, 0.1506508283321015, 3
202, 0.06823750606488671, 0.022864641506745075, 0.1506508283321015, 3
203, 0.06823750606488671, 0.022864641506745075, 0.1506508283321015, 3
204, 0.06823750606488671, 0.022864641506745075, 0.1506508283321015, 3
205, 0.06823750606488671, 0.022864641506745075, 0.1506508283321015, 3
206, 0.06823750606488671, 0.022864641506745075, 0.1506508283321015, 3
207, 0.06823750606488671, 0.022864641506745075, 0.1506508283321015, 3
208, 0.06823750606488671, 0.022864641506745075, 0.1506508283321015, 3
209, 0.06823750606488671, 0.022864641506745075, 0.1506508283321015, 3
210, 0.06823750606488671, 0.022864641506745075, 0.1506508283321015, 3
211, 0.06823750606488671, 0.022864641506745075, 0.1506508283321015, 3
212, 0.06823750606488671, 0.022864641506745075, 0.1506508283321015, 3
213, 0.06823750606488671, 0.022864641506745075, 0.1506508283321015, 3
214, 0.06823750606488671, 0.022864641506745075, 0.1506508283321015, 3
215, 0.06823750606488671, 0.022864641506745075, 0.1506508283321015, 3
216, 0.06823750606488671, 0.022864641506745075, 0.1506508283321015, 3
217, 0.06823750606488671, 0.022864641506745075, 0.1506508283321015, 3
218, 0.06823750606488671, 0.022864641506745075, 0.1506508283321015, 3
219, 0.06823750606488671, 0.022864641506745075, 0.1506508283321015, 3
220, 0.06823750606488671, 0.022864641506745075, 0.1506508283321015, 3
221, 0.06823750606488671, 0.022864641506745075, 0.1506508283321015, 3
222, 0.06823750606488671, 0.022864641506745075, 0.1506508283321015, 3
223, 0.06823750606488671, 0.022864641506745075, 0.1506508283321015, 3
224, 0.06823750606488671, 0.022864641506745075, 0.1506508283321015, 3
225, 0.06823750606488671, 0.022864641506745075, 0.1506508283321015, 3
226, 0.06823750606488671, 0.022864641506745075, 0.1506508283321015, 3
227, 0.06823750606488671, 0.022864641506745075, 0.1506508283321015, 3
228, 0.06823750606488671, 0.022864641506745075, 0.1506508283321015, 3
229, 0.06823750606488671, 0.022864641506745075, 0.1506508283321015, 3
230, 0.06823750606488671, 0.022864641506745075, 0.1506508283321015, 3
231, 0.06823750606488671, 0.022864641506745075, 0.1506508283321015, 3
232, 0.06823750606488671, 0.022864641506745075, 0.1506508283321015, 3
233, 0.06823750606488671, 0.022864641506745075, 0.1506508283321015, 3
234, 0.06823750606488671, 0.022864641506745075, 0.1506508283321015, 3
235, 0.06823750606488671, 0.022864641506745075, 0.1506508283321015, 3
236, 0.06823750606488671, 0.022864641506745075, 0.1506508283321015, 3
237, 0.06823750606488671, 0.022864641506745075, 0.1506508283321015, 3
238, 0.06823750606488671, 0.022864641506745075, 0.1506508283321015, 3
239, 0.06823750606488671, 0.022864641506745075, 0.1506508283321015, 3
240, 0.06823750606488671, 0.022864641506745075, 0.1506508283321015, 3
241, 0.06823750606488671, 0.022864641506745075, 0.1506508283321015, 3
242, 0.06823750606488671, 0.022864641506745075, 0.1506508283321015, 3
243, 0.06823750606488671, 0.022864641506745075, 0.1506508283321015, 3
244, 0.06823750606488671, 0.022864641506745075, 0.1506508283321015, 3
245, 0.06823750606488671, 0.022864641506745075, 0.1506508283321015, 3
246, 0.06823750606488671, 0.022864641506745075, 0.1506508283321015, 3
247, 0.06823750606488671, 0.022864641506745075, 0.1506508283321015, 3
248, 0.06823750606488671, 0.022864641506745075, 0.1506508283321015, 3
249, 0.06823750606488671, 0.022864641506745075, 0.1506508283321015, 3
250, 0.06823750606488671, 0.022864641506745075, 0.1506508283321015, 3
251, 0.06823750606488671, 0.022864641506745075, 0.1506508283321015, 3
252, 0.06823750606488671, 0.022864641506745075, 0.1506508283321015, 3
253, 0.06823750606488671, 0.022864641506745075, 0.1506508283321015, 3
254, 0.06823750606488671, 0.022864641506745075, 0.1506508283321015, 3
255, 0.06823750606488671, 0.022864641506745075, 0.1506508283321015, 3
256, 0.06823750606488671, 0.022864641506745075, 0.1506508283321015, 3
257, 0.06823750606488671, 0.022864641506745075, 0.1506508283321015, 3
258, 0.06823750606488671, 0.022864641506745075, 0.1506508283321015, 3
259, 0.06823750606488671, 0.022864641506745075, 0.1506508283321015, 3
260, 0.06823750606488671, 0.022864641506745075, 0.1506508283321015, 3
261, 0.06823750606488671, 0.022864641506745075, 0.1506508283321015, 3
262, 0.06823750606488671, 0.022864641506745075, 0.1506508283321015, 3
263, 0.06823750606488671, 0.022864641506745075, 0.1506508283321015, 3
264, 0.06823750606488671, 0.022864641506745075, 0.1506508283321015, 3
265, 0.06823750606488671, 0.022864641506745075, 0.1506508283321015, 3
266, 0.06823750606488671, 0.022864641506745075, 0.1506508283321015, 3
267, 0.06823750606488671, 0.022864641506745075, 0.1506508283321015, 3
268, 0.06823750606488671, 0.022864641506745075, 0.1506508283321015, 3
269, 0.06823750606488671, 0.022864641506745075, 0.1506508283321015, 3
270, 0.06823750606488671, 0.022864641506745075, 0.1506508283321015, 3
271, 0.06823750606488671, 0.022864641506745075, 0.1506508283321015, 3
272, 0.06823750606488671, 0.022864641506745075, 0.1506508283321015, 3
273, 0.06823750606488671, 0.022864641506745075, 0.1506508283321015, 3
274, 0.06823750606488671, 0.022864641506745075, 0.1506508283321015, 3
275, 0.06823750606488671, 0.022864641506745075, 0.1506508283321015, 3
276, 0.06823750606488671, 0.022864641506745075, 0.1506508283321015, 3
277, 0.06823750606488671, 0.022864641506745075, 0.1506508283321015, 3
278, 0.06823750606488671, 0.022864641506745075, 0.1506508283321015, 3
279, 0.06823750606488671, 0.022864641506745075, 0.1506508283321015, 3
280, 0.06823750606488671, 0.022864641506745075, 0.1506508283321015, 3
281, 0.06823750606488671, 0.022864641506745075, 0.1506508283321015, 3
282, 0.06823750606488671, 0.022864641506745075, 0.1506508283321015, 3
283, 0.06823750606488671, 0.022864641506745075, 0.1506508283321015, 3
284, 0.06823750606488671, 0.022864641506745075, 0.1506508283321015, 3
285, 0.06823750606488671, 0.022864641506745075, 0.1506508283321015, 3
286, 0.06823750606488671, 0.022864641506745075, 0.1506508283321015, 3
287, 0.06823750606488671, 0.022864641506745075, 0.1506508283321015, 3
288, 0.06823750606488671, 0.022864641506745075, 0.1506508283321015, 3
289, 0.06823750606488671, 0.022864641506745075, 0.1506508283321015, 3
290, 0.06823750606488671, 0.022864641506745075, 0.1506508283321015, 3
291, 0.06823750606488671, 0.022864641506745075, 0.1506508283321015, 3
292, 0.06823750606488671, 0.022864641506745075, 0.1506508283321015, 3
293, 0.06823750606488671, 0.022864641506745075, 0.1506508283321015, 3
294, 0.06823750606488671, 0.022864641506745075, 0.1506508283321015, 3
295, 0.06823750606488671, 0.022864641506745075, 0.1506508283321015, 3
296, 0.06823750606488671, 0.022864641506745075, 0.1506508283321015, 3
297, 0.06823750606488671, 0.022864641506745075, 0.1506508283321015, 3
298, 0.06823750606488671, 0.022864641506745075, 0.1506508283321015, 3
299, 0.06823750606488671, 0.022864641506745075, 0.1506508283321015, 3
300, 0.06823750606488671, 0.022864641506745075, 0.1506508283321015, 3
301, 0.06823750606488671, 0.022864641506745075, 0.1506508283321015, 3
302, 0.06823750606488671, 0.022864641506745075, 0.1506508283321015, 3
303, 0.06823750606488671, 0.022864641506745075, 0.1506508283321015, 3
304, 0.06823750606488671, 0.022864641506745075, 0.1506508283321015, 3
305, 0.06823750606488671, 0.022864641506745075, 0.1506508283321015, 3
306, 0.06823750606488671, 0.022864641506745075, 0.1506508283321015, 3
307, 0.06823750606488671, 0.022864641506745075, 0.1506508283321015, 3
308, 0.06823750606488671, 0.022864641506745075, 0.1506508283321015, 3
309, 0.06823750606488671, 0.022864641506745075, 0.1506508283321015, 3
310, 0.06823750606488671, 0.022864641506745075, 0.1506508283321015, 3
311, 0.06823750606488671, 0.022864641506745075, 0.1506508283321015, 3
312, 0.06823750606488671, 0.022864641506745075, 0.1506508283321015, 3
313, 0.06823750606488671, 0.022864641506745075, 0.1506508283321015, 3
314, 0.06823750606488671, 0.022864641506745075, 0.1506508283321015, 3
315, 0.06823750606488671, 0.022864641506745075, 0.1506508283321015, 3
316, 0.06823750606488671, 0.022864641506745075, 0.1506508283321015, 3
317, 0.06823750606488671, 0.022864641506745075, 0.1506508283321015, 3
318, 0.06823750606488671, 0.022864641506745075, 0.1506508283321015, 3
319, 0.06823750606488671, 0.022864641506745075, 0.1506508283321015, 3
320, 0.06823750606488671, 0.022864641506745075, 0.1506508283321015, 3
321, 0.06823750606488671, 0.022864641506745075, 0.1506508283321015, 3
322, 0.06823750606488671, 0.022864641506745075, 0.1506508283321015, 3
323, 0.06823750606488671, 0.022864641506745075, 0.1506508283321015, 3
324, 0.06823750606488671, 0.022864641506745075, 0.1506508283321015, 3
325, 0.06823750606488671, 0.022864641506745075, 0.1506508283321015, 3
326, 0.06823750606488671, 0.022864641506745075, 0.1506508283321015, 3
327, 0.06823750606488671, 0.022864641506745075, 0.1506508283321015, 3
328, 0.06823750606488671, 0.022864641506745075, 0.1506508283321015, 3
329, 0.06823750606488671, 0.022864641506745075, 0.1506508283321015, 3
330, 0.06823750606488671, 0.022864641506745075, 0.1506508283321015, 3
331, 0.06823750606488671, 0.022864641506745075, 0.1506508283321015, 3
332, 0.06823750606488671, 0.022864641506745075, 0.1506508283321015, 3
333, 0.06823750606488671, 0.022864641506745075, 0.1506508283321015, 3
334, 0.06823750606488671, 0.022864641506745075, 0.1506508283321015, 3
335, 0.06823750606488671, 0.022864641506745075, 0.1506508283321015, 3
336, 0.06823750606488671, 0.022864641506745075, 0.1506508283321015, 3
337, 0.06823750606488671, 0.022864641506745075, 0.1506508283321015, 3
338, 0.06823750606488671, 0.022864641506745075, 0.1506508283321015, 3
339, 0.06823750606488671, 0.022864641506745075, 0.1506508283321015, 3
340, 0.06823750606488671, 0.022864641506745075, 0.1506508283321015, 3
341, 0.06823750606488671, 0.022864641506745075, 0.1506508283321015, 3
342, 0.06823750606488671, 0.022864641506745075, 0.1506508283321015, 3
343, 0.06823750606488671, 0.022864641506745075, 0.1506508283321015, 3
344, 0.06823750606488671, 0.022864641506745075, 0.1506508283321015, 3
345, 0.06823750606488671, 0.022864641506745075, 0.1506508283321015, 3
346, 0.06823750606488671, 0.022864641506745075, 0.1506508283321015, 3
347, 0.06823750606488671, 0.022864641506745075, 0.1506508283321015, 3
348, 0.06823750606488671, 0.022864641506745075, 0.1506508283321015, 3
349, 0.06823750606488671, 0.022864641506745075, 0.1506508283321015, 3
350, 0.06823750606488671, 0.022864641506745075, 0.1506508283321015, 3
351, 0.06823750606488671, 0.022864641506745075, 0.1506508283321015, 3
352, 0.06823750606488671, 0.022864641506745075, 0.1506508283321015, 3
353, 0.06823750606488671, 0.022864641506745075, 0.1506508283321015, 3
354, 0.06823750606488671, 0.022864641506745075, 0.1506508283321015, 3
355, 0.06823750606488671, 0.022864641506745075, 0.1506508283321015, 3
356, 0.06823750606488671, 0.022864641506745075, 0.1506508283321015, 3
357, 0.06823750606488671, 0.022864641506745075, 0.1506508283321015, 3
358, 0.06823750606488671, 0.022864641506745075, 0.1506508283321015, 3
359, 0.06823750606488671, 0.022864641506745075, 0.1506508283321015, 3
360, 0.06823750606488671, 0.022864641506745075, 0.1506508283321015, 3
361, 0.06823750606488671, 0.022864641506745075, 0.1506508283321015, 3
362, 0.06823750606488671, 0.022864641506745075, 0.1506508283321015, 3
363, 0.06823750606488671, 0.022864641506745075, 0.1506508283321015, 3
364, 0.06823750606488671, 0.022864641506745075, 0.1506508283321015, 3
365, 0.06823750606488671, 0.022864641506745075, 0.1506508283321015, 3
366, 0.06823750606488671, 0.022864641506745075, 0.1506508283321015, 3
367, 0.06823750606488671, 0.022864641506745075, 0.1506508283321015, 3
368, 0.06823750606488671, 0.022864641506745075, 0.1506508283321015, 3
369, 0.06823750606488671, 0.022864641506745075, 0.1506508283321015, 3
370, 0.06823750606488671, 0.022864641506745075, 0.1506508283321015, 3
371, 0.06823750606488671, 0.022864641506745075, 0.1506508283321015, 3
372, 0.06823750606488671, 0.022864641506745075, 0.1506508283321015, 3
373, 0.06823750606488671, 0.022864641506745075, 0.1506508283321015, 3
374, 0.06823750606488671, 0.022864641506745075, 0.1506508283321015, 3
375, 0.06823750606488671, 0.022864641506745075, 0.1506508283321015, 3
376, 0.06823750606488671, 0.022864641506745075, 0.1506508283321015, 3
377, 0.06823750606488671, 0.022864641506745075, 0.1506508283321015, 3
378, 0.06823750606488671, 0.022864641506745075, 0.1506508283321015, 3
379, 0.06823750606488671, 0.022864641506745075, 0.1506508283321015, 3
380, 0.06823750606488671, 0.022864641506745075, 0.1506508283321015, 3
381, 0.06823750606488671, 0.022864641506745075, 0.1506508283321015, 3
382, 0.06823750606488671, 0.022864641506745075, 0.1506508283321015, 3
383, 0.06823750606488671, 0.022864641506745075, 0.1506508283321015, 3
384, 0.06823750606488671, 0.022864641506745075, 0.1506508283321015, 3
385, 0.06823750606488671, 0.022864641506745075, 0.1506508283321015, 3
386, 0.06823750606488671, 0.022864641506745075, 0.1506508283321015, 3
387, 0.06823750606488671, 0.022864641506745075, 0.1506508283321015, 3
388, 0.06823750606488671, 0.022864641506745075, 0.1506508283321015, 3
389, 0.06823750606488671, 0.022864641506745075, 0.1506508283321015, 3
390, 0.06823750606488671, 0.022864641506745075, 0.1506508283321015, 3
391, 0.06823750606488671, 0.022864641506745075, 0.1506508283321015, 3
392, 0.06823750606488671, 0.022864641506745075, 0.1506508283321015, 3
393, 0.06823750606488671, 0.022864641506745075, 0.1506508283321015, 3
394, 0.06823750606488671, 0.022864641506745075, 0.1506508283321015, 3
395, 0.06823750606488671, 0.022864641506745075, 0.1506508283321015, 3
396, 0.06823750606488671, 0.022864641506745075, 0.1506508283321015, 3
397, 0.06823750606488671, 0.022864641506745075, 0.1506508283321015, 3
398, 0.06823750606488671, 0.022864641506745075, 0.1506508283321015, 3
399, 0.06823750606488671, 0.022864641506745075, 0.1506508283321015, 3
400, 0.06823750606488671, 0.022864641506745075, 0.1506508283321015, 3
401, 0.06823750606488671, 0.022864641506745075, 0.1506508283321015, 3
402, 0.06823750606488671, 0.022864641506745075, 0.1506508283321015, 3
403, 0.06823750606488671, 0.022864641506745075, 0.1506508283321015, 3
404, 0.06823750606488671, 0.022864641506745075, 0.1506508283321015, 3
405, 0.06823750606488671, 0.022864641506745075, 0.1506508283321015, 3
406, 0.06823750606488671, 0.022864641506745075, 0.1506508283321015, 3
407, 0.06823750606488671, 0.022864641506745075, 0.1506508283321015, 3
408, 0.06823750606488671, 0.022864641506745075, 0.1506508283321015, 3
409, 0.06823750606488671, 0.022864641506745075, 0.1506508283321015, 3
410, 0.06823750606488671, 0.022864641506745075, 0.1506508283321015, 3
411, 0.06823750606488671, 0.022864641506745075, 0.1506508283321015, 3
412, 0.06823750606488671, 0.022864641506745075, 0.1506508283321015, 3
413, 0.06823750606488671, 0.022864641506745075, 0.1506508283321015, 3
414, 0.06823750606488671, 0.022864641506745075, 0.1506508283321015, 3
415, 0.06823750606488671, 0.022864641506745075, 0.1506508283321015, 3
416, 0.06823750606488671, 0.022864641506745075, 0.1506508283321015, 3
417, 0.06823750606488671, 0.022864641506745075, 0.1506508283321015, 3
418, 0.06823750606488671, 0.022864641506745075, 0.1506508283321015, 3
419, 0.06823750606488671, 0.022864641506745075, 0.1506508283321015, 3
420, 0.06823750606488671, 0.022864641506745075, 0.1506508283321015, 3
421, 0.06823750606488671, 0.022864641506745075, 0.1506508283321015, 3
422, 0.06823750606488671, 0.022864641506745075, 0.1506508283321015, 3
423, 0.06823750606488671, 0.022864641506745075, 0.1506508283321015, 3
424, 0.06823750606488671, 0.022864641506745075, 0.1506508283321015, 3
425, 0.06823750606488671, 0.022864641506745075, 0.1506508283321015, 3
426, 0.06823750606488671, 0.022864641506745075, 0.1506508283321015, 3
427, 0.06823750606488671, 0.022864641506745075, 0.1506508283321015, 3
428, 0.06823750606488671, 0.022864641506745075, 0.1506508283321015, 3
429, 0.06823750606488671, 0.022864641506745075, 0.1506508283321015, 3
430, 0.06823750606488671, 0.022864641506745075, 0.1506508283321015, 3
431, 0.06823750606488671, 0.022864641506745075, 0.1506508283321015, 3
432, 0.06823750606488671, 0.022864641506745075, 0.1506508283321015, 3
433, 0.06823750606488671, 0.022864641506745075, 0.1506508283321015, 3
434, 0.06823750606488671, 0.022864641506745075, 0.1506508283321015, 3
435, 0.06823750606488671, 0.022864641506745075, 0.1506508283321015, 3
436, 0.06823750606488671, 0.022864641506745075, 0.1506508283321015, 3
437, 0.06823750606488671, 0.022864641506745075, 0.1506508283321015, 3
438, 0.06823750606488671, 0.022864641506745075, 0.1506508283321015, 3
439, 0.06823750606488671, 0.022864641506745075, 0.1506508283321015, 3
440, 0.06823750606488671, 0.022864641506745075, 0.1506508283321015, 3
441, 0.06823750606488671, 0.022864641506745075, 0.1506508283321015, 3
442, 0.06823750606488671, 0.022864641506745075, 0.1506508283321015, 3
443, 0.06823750606488671, 0.022864641506745075, 0.1506508283321015, 3
444, 0.06823750606488671, 0.022864641506745075, 0.1506508283321015, 3
445, 0.06823750606488671, 0.022864641506745075, 0.1506508283321015, 3
446, 0.06823750606488671, 0.022864641506745075, 0.1506508283321015, 3
447, 0.06823750606488671, 0.022864641506745075, 0.1506508283321015, 3
448, 0.06823750606488671, 0.022864641506745075, 0.1506508283321015, 3
449, 0.06823750606488671, 0.022864641506745075, 0.1506508283321015, 3
450, 0.06823750606488671, 0.022864641506745075, 0.1506508283321015, 3
451, 0.06823750606488671, 0.022864641506745075, 0.1506508283321015, 3
452, 0.06823750606488671, 0.022864641506745075, 0.1506508283321015, 3
453, 0.06823750606488671, 0.022864641506745075, 0.1506508283321015, 3
454, 0.06823750606488671, 0.022864641506745075, 0.1506508283321015, 3
455, 0.06823750606488671, 0.022864641506745075, 0.1506508283321015, 3
456, 0.06823750606488671, 0.022864641506745075, 0.1506508283321015, 3
457, 0.06823750606488671, 0.022864641506745075, 0.1506508283321015, 3
458, 0.06823750606488671, 0.022864641506745075, 0.1506508283321015, 3
459, 0.06823750606488671, 0.022864641506745075, 0.1506508283321015, 3
460, 0.06823750606488671, 0.022864641506745075, 0.1506508283321015, 3
461, 0.06823750606488671, 0.022864641506745075, 0.1506508283321015, 3
462, 0.06823750606488671, 0.022864641506745075, 0.1506508283321015, 3
463, 0.06823750606488671, 0.022864641506745075, 0.1506508283321015, 3
464, 0.06823750606488671, 0.022864641506745075, 0.1506508283321015, 3
465, 0.06823750606488671, 0.022864641506745075, 0.1506508283321015, 3
466, 0.06823750606488671, 0.022864641506745075, 0.1506508283321015, 3
467, 0.06823750606488671, 0.022864641506745075, 0.1506508283321015, 3
468, 0.06823750606488671, 0.022864641506745075, 0.1506508283321015, 3
469, 0.06823750606488671, 0.022864641506745075, 0.1506508283321015, 3
470, 0.06823750606488671, 0.022864641506745075, 0.1506508283321015, 3
471, 0.06823750606488671, 0.022864641506745075, 0.1506508283321015, 3
472, 0.06823750606488671, 0.022864641506745075, 0.1506508283321015, 3
473, 0.06823750606488671, 0.022864641506745075, 0.1506508283321015, 3
474, 0.06823750606488671, 0.022864641506745075, 0.1506508283321015, 3
475, 0.06823750606488671, 0.022864641506745075, 0.1506508283321015, 3
476, 0.06823750606488671, 0.022864641506745075, 0.1506508283321015, 3
477, 0.06823750606488671, 0.022864641506745075, 0.1506508283321015, 3
478, 0.06823750606488671, 0.022864641506745075, 0.1506508283321015, 3
479, 0.06823750606488671, 0.022864641506745075, 0.1506508283321015, 3
480, 0.06823750606488671, 0.022864641506745075, 0.1506508283321015, 3
481, 0.06823750606488671, 0.022864641506745075, 0.1506508283321015, 3
482, 0.06823750606488671, 0.022864641506745075, 0.1506508283321015, 3
483, 0.06823750606488671, 0.022864641506745075, 0.1506508283321015, 3
484, 0.06823750606488671, 0.022864641506745075, 0.1506508283321015, 3
485, 0.06823750606488671, 0.022864641506745075, 0.1506508283321015, 3
486, 0.06823750606488671, 0.022864641506745075, 0.1506508283321015, 3
487, 0.06823750606488671, 0.022864641506745075, 0.1506508283321015, 3
488, 0.06823750606488671, 0.022864641506745075, 0.1506508283321015, 3
489, 0.06823750606488671, 0.022864641506745075, 0.1506508283321015, 3
490, 0.06823750606488671, 0.022864641506745075, 0.1506508283321015, 3
491, 0.06823750606488671, 0.022864641506745075, 0.1506508283321015, 3
492, 0.06823750606488671, 0.022864641506745075, 0.1506508283321015, 3
493, 0.06823750606488671, 0.022864641506745075, 0.1506508283321015, 3
494, 0.06823750606488671, 0.022864641506745075, 0.1506508283321015, 3
495, 0.06823750606488671, 0.022864641506745075, 0.1506508283321015, 3
496, 0.06823750606488671, 0.022864641506745075, 0.1506508283321015, 3
497, 0.06823750606488671, 0.022864641506745075, 0.1506508283321015, 3
498, 0.06823750606488671, 0.022864641506745075, 0.1506508283321015, 3
499, 0.06823750606488671, 0.022864641506745075, 0.1506508283321015, 3
500, 0.06823750606488671, 0.022864641506745075, 0.1506508283321015, 3
501, 0.06823750606488671, 0.022864641506745075, 0.1506508283321015, 3
