evals, mean, best, worst, success num
1, 3.4077198960781203, 2.879861787357669, 3.9999999999999996, 0
2, 3.4077198960781203, 2.879861787357669, 3.9999999999999996, 0
3, 0.37674078816059453, 0.12823345567067515, 0.7282777519300299, 0
4, 0.37674078816059453, 0.12823345567067515, 0.7282777519300299, 0
5, 0.37674078816059453, 0.12823345567067515, 0.7282777519300299, 0
6, 0.3002523088440837, 0.16787278632283362, 0.35668860417085424, 0
7, 0.3002523088440837, 0.16787278632283362, 0.35668860417085424, 0
8, 0.3002523088440837, 0.16787278632283362, 0.35668860417085424, 0
9, 0.3002523088440837, 0.16787278632283362, 0.35668860417085424, 0
10, 0.3002523088440837, 0.16787278632283362, 0.35668860417085424, 0
11, 0.3002523088440837, 0.16787278632283362, 0.35668860417085424, 0
12, 0.3002523088440837, 0.16787278632283362, 0.35668860417085424, 0
13, 0.1904735716032308, 0.013899341252099236, 0.3372166525907767, 1
14, 0.1904735716032308, 0.013899341252099236, 0.3372166525907767, 1
15, 0.1904735716032308, 0.013899341252099236, 0.3372166525907767, 1
16, 0.1904735716032308, 0.013899341252099236, 0.3372166525907767, 1
17, 0.1904735716032308, 0.013899341252099236, 0.3372166525907767, 1
18, 0.1904735716032308, 0.013899341252099236, 0.3372166525907767, 1
19, 0.1904735716032308, 0.013899341252099236, 0.3372166525907767, 1
20, 0.1904735716032308, 0.013899341252099236, 0.3372166525907767, 1
21, 0.1904735716032308, 0.013899341252099236, 0.3372166525907767, 1
22, 0.1904735716032308, 0.013899341252099236, 0.3372166525907767, 1
23, 0.1904735716032308, 0.013899341252099236, 0.3372166525907767, 1
24, 0.1904735716032308, 0.013899341252099236, 0.3372166525907767, 1
25, 0.1904735716032308, 0.013899341252099236, 0.3372166525907767, 1
26, 0.1904735716032308, 0.013899341252099236, 0.3372166525907767, 1
27, 0.1904735716032308, 0.013899341252099236, 0.3372166525907767, 1
28, 0.1904735716032308, 0.013899341252099236, 0.3372166525907767, 1
29, 0.1904735716032308, 0.013899341252099236, 0.3372166525907767, 1
30, 0.1904735716032308, 0.013899341252099236, 0.3372166525907767, 1
31, 0.1904735716032308, 0.013899341252099236, 0.3372166525907767, 1
32, 0.1904735716032308, 0.013899341252099236, 0.3372166525907767, 1
33, 0.1904735716032308, 0.013899341252099236, 0.3372166525907767, 1
34, 0.1904735716032308, 0.013899341252099236, 0.3372166525907767, 1
35, 0.1904735716032308, 0.013899341252099236, 0.3372166525907767, 1
36, 0.1904735716032308, 0.013899341252099236, 0.3372166525907767, 1
37, 0.1904735716032308, 0.013899341252099236, 0.3372166525907767, 1
38, 0.1904735716032308, 0.013899341252099236, 0.3372166525907767, 1
39, 0.1904735716032308, 0.013899341252099236, 0.3372166525907767, 1
40, 0.1904735716032308, 0.013899341252099236, 0.3372166525907767, 1
41, 0.1904735716032308, 0.013899341252099236, 0.3372166525907767, 1
42, 0.1904735716032308, 0.013899341252099236, 0.3372166525907767, 1
43, 0.1904735716032308, 0.013899341252099236, 0.3372166525907767, 1
44, 0.1904735716032308, 0.013899341252099236, 0.3372166525907767, 1
45, 0.1904735716032308, 0.013899341252099236, 0.3372166525907767, 1
46, 0.1904735716032308, 0.013899341252099236, 0.3372166525907767, 1
47, 0.1904735716032308, 0.013899341252099236, 0.3372166525907767, 1
48, 0.1904735716032308, 0.013899341252099236, 0.3372166525907767, 1
49, 0.1904735716032308, 0.013899341252099236, 0.3372166525907767, 1
50, 0.1904735716032308, 0.013899341252099236, 0.3372166525907767, 1
51, 0.1904735716032308, 0.013899341252099236, 0.3372166525907767, 1
52, 0.1904735716032308, 0.013899341252099236, 0.3372166525907767, 1
53, 0.1904735716032308, 0.013899341252099236, 0.3372166525907767, 1
54, 0.1904735716032308, 0.013899341252099236, 0.3372166525907767, 1
55, 0.1904735716032308, 0.013899341252099236, 0.3372166525907767, 1
56, 0.1904735716032308, 0.013899341252099236, 0.3372166525907767, 1
57, 0.1904735716032308, 0.013899341252099236, 0.3372166525907767, 1
58, 0.1904735716032308, 0.013899341252099236, 0.3372166525907767, 1
59, 0.1904735716032308, 0.013899341252099236, 0.3372166525907767, 1
60, 0.1904735716032308, 0.013899341252099236, 0.3372166525907767, 1
61, 0.1904735716032308, 0.013899341252099236, 0.3372166525907767, 1
62, 0.1904735716032308, 0.013899341252099236, 0.3372166525907767, 1
63, 0.1904735716032308, 0.013899341252099236, 0.3372166525907767, 1
64, 0.1904735716032308, 0.013899341252099236, 0.3372166525907767, 1
65, 0.1904735716032308, 0.013899341252099236, 0.3372166525907767, 1
66, 0.1904735716032308, 0.013899341252099236, 0.3372166525907767, 1
67, 0.1904735716032308, 0.013899341252099236, 0.3372166525907767, 1
68, 0.1904735716032308, 0.013899341252099236, 0.3372166525907767, 1
69, 0.1904735716032308, 0.013899341252099236, 0.3372166525907767, 1
70, 0.1904735716032308, 0.013899341252099236, 0.3372166525907767, 1
71, 0.1904735716032308, 0.013899341252099236, 0.3372166525907767, 1
72, 0.1904735716032308, 0.013899341252099236, 0.3372166525907767, 1
73, 0.1904735716032308, 0.013899341252099236, 0.3372166525907767, 1
74, 0.1904735716032308, 0.013899341252099236, 0.3372166525907767, 1
75, 0.1904735716032308, 0.013899341252099236, 0.3372166525907767, 1
76, 0.1904735716032308, 0.013899341252099236, 0.3372166525907767, 1
77, 0.1904735716032308, 0.013899341252099236, 0.3372166525907767, 1
78, 0.1904735716032308, 0.013899341252099236, 0.3372166525907767, 1
79, 0.1904735716032308, 0.013899341252099236, 0.3372166525907767, 1
80, 0.1904735716032308, 0.013899341252099236, 0.3372166525907767, 1
81, 0.1904735716032308, 0.013899341252099236, 0.3372166525907767, 1
82, 0.1904735716032308, 0.013899341252099236, 0.3372166525907767, 1
83, 0.1904735716032308, 0.013899341252099236, 0.3372166525907767, 1
84, 0.1904735716032308, 0.013899341252099236, 0.3372166525907767, 1
85, 0.1904735716032308, 0.013899341252099236, 0.3372166525907767, 1
86, 0.1904735716032308, 0.013899341252099236, 0.3372166525907767, 1
87, 0.1904735716032308, 0.013899341252099236, 0.3372166525907767, 1
88, 0.1904735716032308, 0.013899341252099236, 0.3372166525907767, 1
89, 0.1904735716032308, 0.013899341252099236, 0.3372166525907767, 1
90, 0.1904735716032308, 0.013899341252099236, 0.3372166525907767, 1
91, 0.1904735716032308, 0.013899341252099236, 0.3372166525907767, 1
92, 0.1904735716032308, 0.013899341252099236, 0.3372166525907767, 1
93, 0.1904735716032308, 0.013899341252099236, 0.3372166525907767, 1
94, 0.1904735716032308, 0.013899341252099236, 0.3372166525907767, 1
95, 0.1904735716032308, 0.013899341252099236, 0.3372166525907767, 1
96, 0.1904735716032308, 0.013899341252099236, 0.3372166525907767, 1
97, 0.1904735716032308, 0.013899341252099236, 0.3372166525907767, 1
98, 0.1904735716032308, 0.013899341252099236, 0.3372166525907767, 1
99, 0.1904735716032308, 0.013899341252099236, 0.3372166525907767, 1
100, 0.1904735716032308, 0.013899341252099236, 0.3372166525907767, 1
101, 0.1904735716032308, 0.013899341252099236, 0.3372166525907767, 1
102, 0.1904735716032308, 0.013899341252099236, 0.3372166525907767, 1
103, 0.1904735716032308, 0.013899341252099236, 0.3372166525907767, 1
104, 0.1904735716032308, 0.013899341252099236, 0.3372166525907767, 1
105, 0.1904735716032308, 0.013899341252099236, 0.3372166525907767, 1
106, 0.1904735716032308, 0.013899341252099236, 0.3372166525907767, 1
107, 0.1904735716032308, 0.013899341252099236, 0.3372166525907767, 1
108, 0.1904735716032308, 0.013899341252099236, 0.3372166525907767, 1
109, 0.1904735716032308, 0.013899341252099236, 0.3372166525907767, 1
110, 0.1904735716032308, 0.013899341252099236, 0.3372166525907767, 1
111, 0.1904735716032308, 0.013899341252099236, 0.3372166525907767, 1
112, 0.1904735716032308, 0.013899341252099236, 0.3372166525907767, 1
113, 0.1904735716032308, 0.013899341252099236, 0.3372166525907767, 1
114, 0.1904735716032308, 0.013899341252099236, 0.3372166525907767, 1
115, 0.1904735716032308, 0.013899341252099236, 0.3372166525907767, 1
116, 0.1904735716032308, 0.013899341252099236, 0.3372166525907767, 1
117, 0.1904735716032308, 0.013899341252099236, 0.3372166525907767, 1
118, 0.1904735716032308, 0.013899341252099236, 0.3372166525907767, 1
119, 0.1904735716032308, 0.013899341252099236, 0.3372166525907767, 1
120, 0.1904735716032308, 0.013899341252099236, 0.3372166525907767, 1
121, 0.1904735716032308, 0.013899341252099236, 0.3372166525907767, 1
122, 0.1904735716032308, 0.013899341252099236, 0.3372166525907767, 1
123, 0.1904735716032308, 0.013899341252099236, 0.3372166525907767, 1
124, 0.1904735716032308, 0.013899341252099236, 0.3372166525907767, 1
125, 0.1904735716032308, 0.013899341252099236, 0.3372166525907767, 1
126, 0.1904735716032308, 0.013899341252099236, 0.3372166525907767, 1
127, 0.1904735716032308, 0.013899341252099236, 0.3372166525907767, 1
128, 0.1904735716032308, 0.013899341252099236, 0.3372166525907767, 1
129, 0.1904735716032308, 0.013899341252099236, 0.3372166525907767, 1
130, 0.1904735716032308, 0.013899341252099236, 0.3372166525907767, 1
131, 0.1904735716032308, 0.013899341252099236, 0.3372166525907767, 1
132, 0.1904735716032308, 0.013899341252099236, 0.3372166525907767, 1
133, 0.1904735716032308, 0.013899341252099236, 0.3372166525907767, 1
134, 0.1904735716032308, 0.013899341252099236, 0.3372166525907767, 1
135, 0.1904735716032308, 0.013899341252099236, 0.3372166525907767, 1
136, 0.1904735716032308, 0.013899341252099236, 0.3372166525907767, 1
137, 0.1904735716032308, 0.013899341252099236, 0.3372166525907767, 1
138, 0.1904735716032308, 0.013899341252099236, 0.3372166525907767, 1
139, 0.1904735716032308, 0.013899341252099236, 0.3372166525907767, 1
140, 0.1904735716032308, 0.013899341252099236, 0.3372166525907767, 1
141, 0.1904735716032308, 0.013899341252099236, 0.3372166525907767, 1
142, 0.1904735716032308, 0.013899341252099236, 0.3372166525907767, 1
143, 0.1904735716032308, 0.013899341252099236, 0.3372166525907767, 1
144, 0.1904735716032308, 0.013899341252099236, 0.3372166525907767, 1
145, 0.1904735716032308, 0.013899341252099236, 0.3372166525907767, 1
146, 0.1904735716032308, 0.013899341252099236, 0.3372166525907767, 1
147, 0.1904735716032308, 0.013899341252099236, 0.3372166525907767, 1
148, 0.1904735716032308, 0.013899341252099236, 0.3372166525907767, 1
149, 0.1904735716032308, 0.013899341252099236, 0.3372166525907767, 1
150, 0.1904735716032308, 0.013899341252099236, 0.3372166525907767, 1
151, 0.1904735716032308, 0.013899341252099236, 0.3372166525907767, 1
152, 0.1904735716032308, 0.013899341252099236, 0.3372166525907767, 1
153, 0.1904735716032308, 0.013899341252099236, 0.3372166525907767, 1
154, 0.1904735716032308, 0.013899341252099236, 0.3372166525907767, 1
155, 0.1904735716032308, 0.013899341252099236, 0.3372166525907767, 1
156, 0.1904735716032308, 0.013899341252099236, 0.3372166525907767, 1
157, 0.1904735716032308, 0.013899341252099236, 0.3372166525907767, 1
158, 0.1904735716032308, 0.013899341252099236, 0.3372166525907767, 1
159, 0.1904735716032308, 0.013899341252099236, 0.3372166525907767, 1
160, 0.1904735716032308, 0.013899341252099236, 0.3372166525907767, 1
161, 0.169847552280849, 0.08984230682410578, 0.344465642897614, 0
162, 0.169847552280849, 0.08984230682410578, 0.344465642897614, 0
163, 0.169847552280849, 0.08984230682410578, 0.344465642897614, 0
164, 0.169847552280849, 0.08984230682410578, 0.344465642897614, 0
165, 0.169847552280849, 0.08984230682410578, 0.344465642897614, 0
166, 0.169847552280849, 0.08984230682410578, 0.344465642897614, 0
167, 0.169847552280849, 0.08984230682410578, 0.344465642897614, 0
168, 0.169847552280849, 0.08984230682410578, 0.344465642897614, 0
169, 0.169847552280849, 0.08984230682410578, 0.344465642897614, 0
170, 0.169847552280849, 0.08984230682410578, 0.344465642897614, 0
171, 0.169847552280849, 0.08984230682410578, 0.344465642897614, 0
172, 0.169847552280849, 0.08984230682410578, 0.344465642897614, 0
173, 0.169847552280849, 0.08984230682410578, 0.344465642897614, 0
174, 0.169847552280849, 0.08984230682410578, 0.344465642897614, 0
175, 0.169847552280849, 0.08984230682410578, 0.344465642897614, 0
176, 0.169847552280849, 0.08984230682410578, 0.344465642897614, 0
177, 0.169847552280849, 0.08984230682410578, 0.344465642897614, 0
178, 0.169847552280849, 0.08984230682410578, 0.344465642897614, 0
179, 0.169847552280849, 0.08984230682410578, 0.344465642897614, 0
180, 0.169847552280849, 0.08984230682410578, 0.344465642897614, 0
181, 0.169847552280849, 0.08984230682410578, 0.344465642897614, 0
182, 0.169847552280849, 0.08984230682410578, 0.344465642897614, 0
183, 0.169847552280849, 0.08984230682410578, 0.344465642897614, 0
184, 0.169847552280849, 0.08984230682410578, 0.344465642897614, 0
185, 0.169847552280849, 0.08984230682410578, 0.344465642897614, 0
186, 0.169847552280849, 0.08984230682410578, 0.344465642897614, 0
187, 0.169847552280849, 0.08984230682410578, 0.344465642897614, 0
188, 0.169847552280849, 0.08984230682410578, 0.344465642897614, 0
189, 0.169847552280849, 0.08984230682410578, 0.344465642897614, 0
190, 0.169847552280849, 0.08984230682410578, 0.344465642897614, 0
191, 0.169847552280849, 0.08984230682410578, 0.344465642897614, 0
192, 0.169847552280849, 0.08984230682410578, 0.344465642897614, 0
193, 0.169847552280849, 0.08984230682410578, 0.344465642897614, 0
194, 0.169847552280849, 0.08984230682410578, 0.344465642897614, 0
195, 0.169847552280849, 0.08984230682410578, 0.344465642897614, 0
196, 0.169847552280849, 0.08984230682410578, 0.344465642897614, 0
197, 0.169847552280849, 0.08984230682410578, 0.344465642897614, 0
198, 0.169847552280849, 0.08984230682410578, 0.344465642897614, 0
199, 0.169847552280849, 0.08984230682410578, 0.344465642897614, 0
200, 0.169847552280849, 0.08984230682410578, 0.344465642897614, 0
201, 0.169847552280849, 0.08984230682410578, 0.344465642897614, 0
202, 0.169847552280849, 0.08984230682410578, 0.344465642897614, 0
203, 0.169847552280849, 0.08984230682410578, 0.344465642897614, 0
204, 0.169847552280849, 0.08984230682410578, 0.344465642897614, 0
205, 0.169847552280849, 0.08984230682410578, 0.344465642897614, 0
206, 0.169847552280849, 0.08984230682410578, 0.344465642897614, 0
207, 0.169847552280849, 0.08984230682410578, 0.344465642897614, 0
208, 0.169847552280849, 0.08984230682410578, 0.344465642897614, 0
209, 0.169847552280849, 0.08984230682410578, 0.344465642897614, 0
210, 0.169847552280849, 0.08984230682410578, 0.344465642897614, 0
211, 0.169847552280849, 0.08984230682410578, 0.344465642897614, 0
212, 0.169847552280849, 0.08984230682410578, 0.344465642897614, 0
213, 0.169847552280849, 0.08984230682410578, 0.344465642897614, 0
214, 0.169847552280849, 0.08984230682410578, 0.344465642897614, 0
215, 0.169847552280849, 0.08984230682410578, 0.344465642897614, 0
216, 0.169847552280849, 0.08984230682410578, 0.344465642897614, 0
217, 0.169847552280849, 0.08984230682410578, 0.344465642897614, 0
218, 0.169847552280849, 0.08984230682410578, 0.344465642897614, 0
219, 0.169847552280849, 0.08984230682410578, 0.344465642897614, 0
220, 0.169847552280849, 0.08984230682410578, 0.344465642897614, 0
221, 0.169847552280849, 0.08984230682410578, 0.344465642897614, 0
222, 0.169847552280849, 0.08984230682410578, 0.344465642897614, 0
223, 0.169847552280849, 0.08984230682410578, 0.344465642897614, 0
224, 0.169847552280849, 0.08984230682410578, 0.344465642897614, 0
225, 0.169847552280849, 0.08984230682410578, 0.344465642897614, 0
226, 0.169847552280849, 0.08984230682410578, 0.344465642897614, 0
227, 0.169847552280849, 0.08984230682410578, 0.344465642897614, 0
228, 0.169847552280849, 0.08984230682410578, 0.344465642897614, 0
229, 0.169847552280849, 0.08984230682410578, 0.344465642897614, 0
230, 0.169847552280849, 0.08984230682410578, 0.344465642897614, 0
231, 0.169847552280849, 0.08984230682410578, 0.344465642897614, 0
232, 0.169847552280849, 0.08984230682410578, 0.344465642897614, 0
233, 0.169847552280849, 0.08984230682410578, 0.344465642897614, 0
234, 0.169847552280849, 0.08984230682410578, 0.344465642897614, 0
235, 0.169847552280849, 0.08984230682410578, 0.344465642897614, 0
236, 0.169847552280849, 0.08984230682410578, 0.344465642897614, 0
237, 0.169847552280849, 0.08984230682410578, 0.344465642897614, 0
238, 0.169847552280849, 0.08984230682410578, 0.344465642897614, 0
239, 0.169847552280849, 0.08984230682410578, 0.344465642897614, 0
240, 0.169847552280849, 0.08984230682410578, 0.344465642897614, 0
241, 0.169847552280849, 0.08984230682410578, 0.344465642897614, 0
242, 0.169847552280849, 0.08984230682410578, 0.344465642897614, 0
243, 0.169847552280849, 0.08984230682410578, 0.344465642897614, 0
244, 0.169847552280849, 0.08984230682410578, 0.344465642897614, 0
245, 0.169847552280849, 0.08984230682410578, 0.344465642897614, 0
246, 0.169847552280849, 0.08984230682410578, 0.344465642897614, 0
247, 0.169847552280849, 0.08984230682410578, 0.344465642897614, 0
248, 0.169847552280849, 0.08984230682410578, 0.344465642897614, 0
249, 0.169847552280849, 0.08984230682410578, 0.344465642897614, 0
250, 0.169847552280849, 0.08984230682410578, 0.344465642897614, 0
251, 0.169847552280849, 0.08984230682410578, 0.344465642897614, 0
252, 0.169847552280849, 0.08984230682410578, 0.344465642897614, 0
253, 0.169847552280849, 0.08984230682410578, 0.344465642897614, 0
254, 0.169847552280849, 0.08984230682410578, 0.344465642897614, 0
255, 0.169847552280849, 0.08984230682410578, 0.344465642897614, 0
256, 0.169847552280849, 0.08984230682410578, 0.344465642897614, 0
257, 0.169847552280849, 0.08984230682410578, 0.344465642897614, 0
258, 0.169847552280849, 0.08984230682410578, 0.344465642897614, 0
259, 0.169847552280849, 0.08984230682410578, 0.344465642897614, 0
260, 0.169847552280849, 0.08984230682410578, 0.344465642897614, 0
261, 0.169847552280849, 0.08984230682410578, 0.344465642897614, 0
262, 0.169847552280849, 0.08984230682410578, 0.344465642897614, 0
263, 0.169847552280849, 0.08984230682410578, 0.344465642897614, 0
264, 0.169847552280849, 0.08984230682410578, 0.344465642897614, 0
265, 0.169847552280849, 0.08984230682410578, 0.344465642897614, 0
266, 0.169847552280849, 0.08984230682410578, 0.344465642897614, 0
267, 0.169847552280849, 0.08984230682410578, 0.344465642897614, 0
268, 0.169847552280849, 0.08984230682410578, 0.344465642897614, 0
269, 0.169847552280849, 0.08984230682410578, 0.344465642897614, 0
270, 0.169847552280849, 0.08984230682410578, 0.344465642897614, 0
271, 0.169847552280849, 0.08984230682410578, 0.344465642897614, 0
272, 0.169847552280849, 0.08984230682410578, 0.344465642897614, 0
273, 0.169847552280849, 0.08984230682410578, 0.344465642897614, 0
274, 0.169847552280849, 0.08984230682410578, 0.344465642897614, 0
275, 0.169847552280849, 0.08984230682410578, 0.344465642897614, 0
276, 0.169847552280849, 0.08984230682410578, 0.344465642897614, 0
277, 0.169847552280849, 0.08984230682410578, 0.344465642897614, 0
278, 0.169847552280849, 0.08984230682410578, 0.344465642897614, 0
279, 0.169847552280849, 0.08984230682410578, 0.344465642897614, 0
280, 0.169847552280849, 0.08984230682410578, 0.344465642897614, 0
281, 0.169847552280849, 0.08984230682410578, 0.344465642897614, 0
282, 0.169847552280849, 0.08984230682410578, 0.344465642897614, 0
283, 0.169847552280849, 0.08984230682410578, 0.344465642897614, 0
284, 0.169847552280849, 0.08984230682410578, 0.344465642897614, 0
285, 0.169847552280849, 0.08984230682410578, 0.344465642897614, 0
286, 0.169847552280849, 0.08984230682410578, 0.344465642897614, 0
287, 0.169847552280849, 0.08984230682410578, 0.344465642897614, 0
288, 0.169847552280849, 0.08984230682410578, 0.344465642897614, 0
289, 0.169847552280849, 0.08984230682410578, 0.344465642897614, 0
290, 0.169847552280849, 0.08984230682410578, 0.344465642897614, 0
291, 0.169847552280849, 0.08984230682410578, 0.344465642897614, 0
292, 0.169847552280849, 0.08984230682410578, 0.344465642897614, 0
293, 0.169847552280849, 0.08984230682410578, 0.344465642897614, 0
294, 0.169847552280849, 0.08984230682410578, 0.344465642897614, 0
295, 0.169847552280849, 0.08984230682410578, 0.344465642897614, 0
296, 0.169847552280849, 0.08984230682410578, 0.344465642897614, 0
297, 0.169847552280849, 0.08984230682410578, 0.344465642897614, 0
298, 0.169847552280849, 0.08984230682410578, 0.344465642897614, 0
299, 0.169847552280849, 0.08984230682410578, 0.344465642897614, 0
300, 0.169847552280849, 0.08984230682410578, 0.344465642897614, 0
301, 0.169847552280849, 0.08984230682410578, 0.344465642897614, 0
302, 0.169847552280849, 0.08984230682410578, 0.344465642897614, 0
303, 0.169847552280849, 0.08984230682410578, 0.344465642897614, 0
304, 0.169847552280849, 0.08984230682410578, 0.344465642897614, 0
305, 0.169847552280849, 0.08984230682410578, 0.344465642897614, 0
306, 0.169847552280849, 0.08984230682410578, 0.344465642897614, 0
307, 0.169847552280849, 0.08984230682410578, 0.344465642897614, 0
308, 0.169847552280849, 0.08984230682410578, 0.344465642897614, 0
309, 0.169847552280849, 0.08984230682410578, 0.344465642897614, 0
310, 0.169847552280849, 0.08984230682410578, 0.344465642897614, 0
311, 0.169847552280849, 0.08984230682410578, 0.344465642897614, 0
312, 0.169847552280849, 0.08984230682410578, 0.344465642897614, 0
313, 0.169847552280849, 0.08984230682410578, 0.344465642897614, 0
314, 0.169847552280849, 0.08984230682410578, 0.344465642897614, 0
315, 0.169847552280849, 0.08984230682410578, 0.344465642897614, 0
316, 0.169847552280849, 0.08984230682410578, 0.344465642897614, 0
317, 0.169847552280849, 0.08984230682410578, 0.344465642897614, 0
318, 0.169847552280849, 0.08984230682410578, 0.344465642897614, 0
319, 0.169847552280849, 0.08984230682410578, 0.344465642897614, 0
320, 0.169847552280849, 0.08984230682410578, 0.344465642897614, 0
321, 0.169847552280849, 0.08984230682410578, 0.344465642897614, 0
322, 0.169847552280849, 0.08984230682410578, 0.344465642897614, 0
323, 0.169847552280849, 0.08984230682410578, 0.344465642897614, 0
324, 0.169847552280849, 0.08984230682410578, 0.344465642897614, 0
325, 0.169847552280849, 0.08984230682410578, 0.344465642897614, 0
326, 0.169847552280849, 0.08984230682410578, 0.344465642897614, 0
327, 0.169847552280849, 0.08984230682410578, 0.344465642897614, 0
328, 0.169847552280849, 0.08984230682410578, 0.344465642897614, 0
329, 0.169847552280849, 0.08984230682410578, 0.344465642897614, 0
330, 0.169847552280849, 0.08984230682410578, 0.344465642897614, 0
331, 0.169847552280849, 0.08984230682410578, 0.344465642897614, 0
332, 0.169847552280849, 0.08984230682410578, 0.344465642897614, 0
333, 0.169847552280849, 0.08984230682410578, 0.344465642897614, 0
334, 0.169847552280849, 0.08984230682410578, 0.344465642897614, 0
335, 0.169847552280849, 0.08984230682410578, 0.344465642897614, 0
336, 0.169847552280849, 0.08984230682410578, 0.344465642897614, 0
337, 0.169847552280849, 0.08984230682410578, 0.344465642897614, 0
338, 0.169847552280849, 0.08984230682410578, 0.344465642897614, 0
339, 0.169847552280849, 0.08984230682410578, 0.344465642897614, 0
340, 0.169847552280849, 0.08984230682410578, 0.344465642897614, 0
341, 0.169847552280849, 0.08984230682410578, 0.344465642897614, 0
342, 0.169847552280849, 0.08984230682410578, 0.344465642897614, 0
343, 0.169847552280849, 0.08984230682410578, 0.344465642897614, 0
344, 0.169847552280849, 0.08984230682410578, 0.344465642897614, 0
345, 0.169847552280849, 0.08984230682410578, 0.344465642897614, 0
346, 0.169847552280849, 0.08984230682410578, 0.344465642897614, 0
347, 0.169847552280849, 0.08984230682410578, 0.344465642897614, 0
348, 0.169847552280849, 0.08984230682410578, 0.344465642897614, 0
349, 0.169847552280849, 0.08984230682410578, 0.344465642897614, 0
350, 0.169847552280849, 0.08984230682410578, 0.344465642897614, 0
351, 0.169847552280849, 0.08984230682410578, 0.344465642897614, 0
352, 0.169847552280849, 0.08984230682410578, 0.344465642897614, 0
353, 0.169847552280849, 0.08984230682410578, 0.344465642897614, 0
354, 0.169847552280849, 0.08984230682410578, 0.344465642897614, 0
355, 0.169847552280849, 0.08984230682410578, 0.344465642897614, 0
356, 0.169847552280849, 0.08984230682410578, 0.344465642897614, 0
357, 0.169847552280849, 0.08984230682410578, 0.344465642897614, 0
358, 0.169847552280849, 0.08984230682410578, 0.344465642897614, 0
359, 0.169847552280849, 0.08984230682410578, 0.344465642897614, 0
360, 0.169847552280849, 0.08984230682410578, 0.344465642897614, 0
361, 0.169847552280849, 0.08984230682410578, 0.344465642897614, 0
362, 0.169847552280849, 0.08984230682410578, 0.344465642897614, 0
363, 0.169847552280849, 0.08984230682410578, 0.344465642897614, 0
364, 0.169847552280849, 0.08984230682410578, 0.344465642897614, 0
365, 0.169847552280849, 0.08984230682410578, 0.344465642897614, 0
366, 0.169847552280849, 0.08984230682410578, 0.344465642897614, 0
367, 0.169847552280849, 0.08984230682410578, 0.344465642897614, 0
368, 0.169847552280849, 0.08984230682410578, 0.344465642897614, 0
369, 0.169847552280849, 0.08984230682410578, 0.344465642897614, 0
370, 0.169847552280849, 0.08984230682410578, 0.344465642897614, 0
371, 0.169847552280849, 0.08984230682410578, 0.344465642897614, 0
372, 0.169847552280849, 0.08984230682410578, 0.344465642897614, 0
373, 0.169847552280849, 0.08984230682410578, 0.344465642897614, 0
374, 0.169847552280849, 0.08984230682410578, 0.344465642897614, 0
375, 0.169847552280849, 0.08984230682410578, 0.344465642897614, 0
376, 0.169847552280849, 0.08984230682410578, 0.344465642897614, 0
377, 0.169847552280849, 0.08984230682410578, 0.344465642897614, 0
378, 0.169847552280849, 0.08984230682410578, 0.344465642897614, 0
379, 0.169847552280849, 0.08984230682410578, 0.344465642897614, 0
380, 0.169847552280849, 0.08984230682410578, 0.344465642897614, 0
381, 0.169847552280849, 0.08984230682410578, 0.344465642897614, 0
382, 0.169847552280849, 0.08984230682410578, 0.344465642897614, 0
383, 0.169847552280849, 0.08984230682410578, 0.344465642897614, 0
384, 0.169847552280849, 0.08984230682410578, 0.344465642897614, 0
385, 0.169847552280849, 0.08984230682410578, 0.344465642897614, 0
386, 0.169847552280849, 0.08984230682410578, 0.344465642897614, 0
387, 0.169847552280849, 0.08984230682410578, 0.344465642897614, 0
388, 0.169847552280849, 0.08984230682410578, 0.344465642897614, 0
389, 0.169847552280849, 0.08984230682410578, 0.344465642897614, 0
390, 0.169847552280849, 0.08984230682410578, 0.344465642897614, 0
391, 0.169847552280849, 0.08984230682410578, 0.344465642897614, 0
392, 0.169847552280849, 0.08984230682410578, 0.344465642897614, 0
393, 0.169847552280849, 0.08984230682410578, 0.344465642897614, 0
394, 0.169847552280849, 0.08984230682410578, 0.344465642897614, 0
395, 0.169847552280849, 0.08984230682410578, 0.344465642897614, 0
396, 0.169847552280849, 0.08984230682410578, 0.344465642897614, 0
397, 0.169847552280849, 0.08984230682410578, 0.344465642897614, 0
398, 0.169847552280849, 0.08984230682410578, 0.344465642897614, 0
399, 0.169847552280849, 0.08984230682410578, 0.344465642897614, 0
400, 0.169847552280849, 0.08984230682410578, 0.344465642897614, 0
401, 0.169847552280849, 0.08984230682410578, 0.344465642897614, 0
402, 0.169847552280849, 0.08984230682410578, 0.344465642897614, 0
403, 0.169847552280849, 0.08984230682410578, 0.344465642897614, 0
404, 0.169847552280849, 0.08984230682410578, 0.344465642897614, 0
405, 0.169847552280849, 0.08984230682410578, 0.344465642897614, 0
406, 0.169847552280849, 0.08984230682410578, 0.344465642897614, 0
407, 0.169847552280849, 0.08984230682410578, 0.344465642897614, 0
408, 0.169847552280849, 0.08984230682410578, 0.344465642897614, 0
409, 0.169847552280849, 0.08984230682410578, 0.344465642897614, 0
410, 0.169847552280849, 0.08984230682410578, 0.344465642897614, 0
411, 0.169847552280849, 0.08984230682410578, 0.344465642897614, 0
412, 0.169847552280849, 0.08984230682410578, 0.344465642897614, 0
413, 0.169847552280849, 0.08984230682410578, 0.344465642897614, 0
414, 0.169847552280849, 0.08984230682410578, 0.344465642897614, 0
415, 0.169847552280849, 0.08984230682410578, 0.344465642897614, 0
416, 0.169847552280849, 0.08984230682410578, 0.344465642897614, 0
417, 0.169847552280849, 0.08984230682410578, 0.344465642897614, 0
418, 0.169847552280849, 0.08984230682410578, 0.344465642897614, 0
419, 0.169847552280849, 0.08984230682410578, 0.344465642897614, 0
420, 0.169847552280849, 0.08984230682410578, 0.344465642897614, 0
421, 0.169847552280849, 0.08984230682410578, 0.344465642897614, 0
422, 0.169847552280849, 0.08984230682410578, 0.344465642897614, 0
423, 0.169847552280849, 0.08984230682410578, 0.344465642897614, 0
424, 0.169847552280849, 0.08984230682410578, 0.344465642897614, 0
425, 0.169847552280849, 0.08984230682410578, 0.344465642897614, 0
426, 0.169847552280849, 0.08984230682410578, 0.344465642897614, 0
427, 0.169847552280849, 0.08984230682410578, 0.344465642897614, 0
428, 0.169847552280849, 0.08984230682410578, 0.344465642897614, 0
429, 0.169847552280849, 0.08984230682410578, 0.344465642897614, 0
430, 0.169847552280849, 0.08984230682410578, 0.344465642897614, 0
431, 0.169847552280849, 0.08984230682410578, 0.344465642897614, 0
432, 0.169847552280849, 0.08984230682410578, 0.344465642897614, 0
433, 0.169847552280849, 0.08984230682410578, 0.344465642897614, 0
434, 0.169847552280849, 0.08984230682410578, 0.344465642897614, 0
435, 0.169847552280849, 0.08984230682410578, 0.344465642897614, 0
436, 0.169847552280849, 0.08984230682410578, 0.344465642897614, 0
437, 0.169847552280849, 0.08984230682410578, 0.344465642897614, 0
438, 0.169847552280849, 0.08984230682410578, 0.344465642897614, 0
439, 0.169847552280849, 0.08984230682410578, 0.344465642897614, 0
440, 0.169847552280849, 0.08984230682410578, 0.344465642897614, 0
441, 0.169847552280849, 0.08984230682410578, 0.344465642897614, 0
442, 0.169847552280849, 0.08984230682410578, 0.344465642897614, 0
443, 0.169847552280849, 0.08984230682410578, 0.344465642897614, 0
444, 0.169847552280849, 0.08984230682410578, 0.344465642897614, 0
445, 0.169847552280849, 0.08984230682410578, 0.344465642897614, 0
446, 0.169847552280849, 0.08984230682410578, 0.344465642897614, 0
447, 0.169847552280849, 0.08984230682410578, 0.344465642897614, 0
448, 0.169847552280849, 0.08984230682410578, 0.344465642897614, 0
449, 0.169847552280849, 0.08984230682410578, 0.344465642897614, 0
450, 0.169847552280849, 0.08984230682410578, 0.344465642897614, 0
451, 0.169847552280849, 0.08984230682410578, 0.344465642897614, 0
452, 0.169847552280849, 0.08984230682410578, 0.344465642897614, 0
453, 0.169847552280849, 0.08984230682410578, 0.344465642897614, 0
454, 0.169847552280849, 0.08984230682410578, 0.344465642897614, 0
455, 0.169847552280849, 0.08984230682410578, 0.344465642897614, 0
456, 0.169847552280849, 0.08984230682410578, 0.344465642897614, 0
457, 0.169847552280849, 0.08984230682410578, 0.344465642897614, 0
458, 0.169847552280849, 0.08984230682410578, 0.344465642897614, 0
459, 0.169847552280849, 0.08984230682410578, 0.344465642897614, 0
460, 0.169847552280849, 0.08984230682410578, 0.344465642897614, 0
461, 0.169847552280849, 0.08984230682410578, 0.344465642897614, 0
462, 0.169847552280849, 0.08984230682410578, 0.344465642897614, 0
463, 0.169847552280849, 0.08984230682410578, 0.344465642897614, 0
464, 0.169847552280849, 0.08984230682410578, 0.344465642897614, 0
465, 0.169847552280849, 0.08984230682410578, 0.344465642897614, 0
466, 0.169847552280849, 0.08984230682410578, 0.344465642897614, 0
467, 0.169847552280849, 0.08984230682410578, 0.344465642897614, 0
468, 0.169847552280849, 0.08984230682410578, 0.344465642897614, 0
469, 0.169847552280849, 0.08984230682410578, 0.344465642897614, 0
470, 0.169847552280849, 0.08984230682410578, 0.344465642897614, 0
471, 0.169847552280849, 0.08984230682410578, 0.344465642897614, 0
472, 0.169847552280849, 0.08984230682410578, 0.344465642897614, 0
473, 0.169847552280849, 0.08984230682410578, 0.344465642897614, 0
474, 0.169847552280849, 0.08984230682410578, 0.344465642897614, 0
475, 0.169847552280849, 0.08984230682410578, 0.344465642897614, 0
476, 0.169847552280849, 0.08984230682410578, 0.344465642897614, 0
477, 0.169847552280849, 0.08984230682410578, 0.344465642897614, 0
478, 0.169847552280849, 0.08984230682410578, 0.344465642897614, 0
479, 0.169847552280849, 0.08984230682410578, 0.344465642897614, 0
480, 0.169847552280849, 0.08984230682410578, 0.344465642897614, 0
481, 0.169847552280849, 0.08984230682410578, 0.344465642897614, 0
482, 0.169847552280849, 0.08984230682410578, 0.344465642897614, 0
483, 0.169847552280849, 0.08984230682410578, 0.344465642897614, 0
484, 0.169847552280849, 0.08984230682410578, 0.344465642897614, 0
485, 0.169847552280849, 0.08984230682410578, 0.344465642897614, 0
486, 0.169847552280849, 0.08984230682410578, 0.344465642897614, 0
487, 0.169847552280849, 0.08984230682410578, 0.344465642897614, 0
488, 0.169847552280849, 0.08984230682410578, 0.344465642897614, 0
489, 0.169847552280849, 0.08984230682410578, 0.344465642897614, 0
490, 0.169847552280849, 0.08984230682410578, 0.344465642897614, 0
491, 0.169847552280849, 0.08984230682410578, 0.344465642897614, 0
492, 0.169847552280849, 0.08984230682410578, 0.344465642897614, 0
493, 0.169847552280849, 0.08984230682410578, 0.344465642897614, 0
494, 0.169847552280849, 0.08984230682410578, 0.344465642897614, 0
495, 0.169847552280849, 0.08984230682410578, 0.344465642897614, 0
496, 0.169847552280849, 0.08984230682410578, 0.344465642897614, 0
497, 0.169847552280849, 0.08984230682410578, 0.344465642897614, 0
498, 0.169847552280849, 0.08984230682410578, 0.344465642897614, 0
499, 0.169847552280849, 0.08984230682410578, 0.344465642897614, 0
500, 0.169847552280849, 0.08984230682410578, 0.344465642897614, 0
501, 0.169847552280849, 0.08984230682410578, 0.344465642897614, 0
